             QOI  subset    p    s    b       beta0        beta1          beta2        beta12    gamma1    gamma2     objective  p-value
0    Temperature       0  1.0  0.0    0  305.782762   155.088566     237.734171 -1.744051e+05  3.999855  1.297682  2.379771e-03      NaN
1    Temperature       0  1.0  0.0    1  305.799414    58.049312    6236.103544 -2.817143e+06  3.382587  1.999728  1.075884e-03      NaN
2    Temperature       0  1.0  0.0    2  305.784762   172.081009     154.914494 -1.495884e+05  3.999897  1.250021  5.535455e-04      NaN
3    Temperature       0  1.0  0.0    3  305.745265   167.359210      80.583982 -4.824681e+04  3.999841  1.047449  6.742342e-04      NaN
4    Temperature       0  1.0  0.0    4  305.784762   172.080934     154.914799 -1.495884e+05  3.999897  1.250021  5.535635e-04      NaN
5    Temperature       0  1.0  0.0    5  305.809242    70.455062    6631.622814 -3.461176e+06  3.559371  1.999958  1.051003e-03      NaN
6    Temperature       0  1.0  0.0    6  305.809681    75.957979    6799.251510 -3.768216e+06  3.610727  1.999453  1.476602e-03      NaN
7    Temperature       0  1.0  0.0    7  305.733508   168.366899      60.258112 -3.329168e+04  3.999819  0.978268  1.251987e-03      NaN
8    Temperature       0  1.0  0.0    8  305.720968   169.427317      46.557879 -2.395761e+04  3.999823  0.916738  1.387611e-03      NaN
9    Temperature       0  1.0  0.0    9  305.787146   123.499805     671.049580 -3.577258e+05  3.911005  1.471583  1.801277e-06      NaN
10   Temperature       0  1.0  0.0   10  305.759117   159.479610      83.736040 -4.954412e+04  3.999551  1.062366  9.963905e-04      NaN
11   Temperature       0  1.0  0.0   11  305.779794    30.379319   10176.166284 -1.404396e+06  2.988013  1.999907  3.772468e-04      NaN
12   Temperature       0  1.0  0.0   12  305.782760   155.100051     237.681677 -1.743764e+05  3.999894  1.297638  1.030678e-07      NaN
13   Temperature       0  1.0  0.0   13  305.788698    23.326736   13178.835869 -1.059541e+06  2.918632  1.999668  4.619723e-04      NaN
14   Temperature       0  1.0  0.0   14  305.809372    73.686468    6952.793654 -3.658268e+06  3.592256  1.999952  9.371182e-05      NaN
15   Temperature       0  1.0  0.0   15  305.777857   160.743811     356.726992 -2.934706e+05  3.999952  1.385078  3.001961e-03      NaN
16   Temperature       0  1.0  0.0   16  305.759115    29.546421     931.650312 -7.804923e+04  3.052099  1.472369  8.323342e-05      NaN
17   Temperature       0  1.0  0.0   17  305.782760   155.096413     237.696516 -1.743843e+05  3.999881  1.297651  1.073353e-07      NaN
18   Temperature       0  1.0  0.0   18  305.787143   123.516514     670.779899 -3.576226e+05  3.911084  1.471504  9.731717e-04      NaN
19   Temperature       0  1.0  0.0   19  305.807447    99.998939     845.857654 -7.454187e+05  3.723070  1.650914  6.592109e-05      NaN
20   Temperature       0  1.0  0.0   20  305.800969    58.220616    4819.240257 -2.788715e+06  3.387358  1.999897  8.721518e-04      NaN
21   Temperature       0  1.0  0.0   21  305.782158   157.664510     200.223069 -1.522249e+05  3.999976  1.270402  1.416757e-05      NaN
22   Temperature       0  1.0  0.0   22  305.782763   155.081633     237.752926 -1.744122e+05  3.999827  1.297698  1.408459e-03      NaN
23   Temperature       0  1.0  0.0   23  305.792445    43.947602    6502.599866 -1.068633e+06  3.332522  1.871455  2.623803e-04      NaN
24   Temperature       0  1.0  0.0   24  305.809491    78.243158    7411.809748 -3.936057e+06  3.636670  1.999752  1.179460e-04      NaN
25   Temperature       0  1.0  0.0   25  305.791380    47.092683    3615.985946 -6.695056e+05  3.360176  1.776436  7.028872e-04      NaN
26   Temperature       0  1.0  0.0   26  305.776774   177.169827      74.025521 -6.975016e+04  3.999808  1.105729  1.031756e-03      NaN
27   Temperature       0  1.0  0.0   27  305.779704   176.371983      82.786453 -8.123229e+04  3.999872  1.134550  1.153771e-03      NaN
28   Temperature       0  1.0  0.0   28  305.782762   155.095487     237.719316 -1.744026e+05  3.999881  1.297671  8.792167e-08      NaN
29   Temperature       0  1.0  0.0   29  305.782763   155.078860     237.766764 -1.744188e+05  3.999820  1.297709  5.525933e-08      NaN
30   Temperature       0  1.0  0.0   30  305.755363   166.479132     108.973206 -7.102205e+04  3.999929  1.119359  1.711355e-03      NaN
31   Temperature       0  1.0  0.0   31  305.792446    43.938191    6506.052254 -1.068962e+06  3.332385  1.871553  2.623530e-04      NaN
32   Temperature       0  1.0  0.0   32  305.802909    77.582480    4894.013503 -3.845860e+06  3.560845  1.999897  9.797483e-04      NaN
33   Temperature       0  1.0  0.0   33  305.747241   162.653338     100.941281 -5.773377e+04  3.999945  1.084691  6.559727e-04      NaN
34   Temperature       0  1.0  0.0   34  305.779700   176.406596      82.750831 -8.121009e+04  3.999976  1.134463  1.822759e-04      NaN
35   Temperature       0  1.0  0.0   35  305.786377   127.319325     545.200030 -3.046850e+05  3.921085  1.437290  1.202509e-06      NaN
36   Temperature       0  1.0  0.0   36  305.787142   123.521545     670.728984 -3.576112e+05  3.911107  1.471491  1.810108e-06      NaN
37   Temperature       0  1.0  0.0   37  305.782761   155.097847     237.701835 -1.743912e+05  3.999888  1.297656  5.447139e-08      NaN
38   Temperature       0  1.0  0.0   38  305.809375    73.694511    6953.460294 -3.659473e+06  3.592326  1.999991  1.501957e-03      NaN
39   Temperature       0  1.0  0.0   39  305.782762   155.096355     237.708107 -1.743939e+05  3.999884  1.297661  9.714225e-04      NaN
40   Temperature       0  1.0  0.0   40  305.775487   181.143817      60.481817 -5.909859e+04  3.999746  1.071774  1.034742e-03      NaN
41   Temperature       0  1.0  0.0   41  305.782761   155.087487     237.721618 -1.743930e+05  3.999848  1.297671  1.408514e-03      NaN
42   Temperature       0  1.0  0.0   42  305.789303    59.691271    1335.154225 -3.495759e+05  3.472693  1.609953  2.546445e-04      NaN
43   Temperature       0  1.0  0.0   43  305.782163   157.624704     200.328504 -1.522704e+05  3.999832  1.270505  9.856937e-04      NaN
44   Temperature       0  1.0  0.0   44  305.787142   123.520530     670.731821 -3.576086e+05  3.911103  1.471491  1.807823e-06      NaN
45   Temperature       0  1.0  0.0   45  305.782761   155.097749     237.702289 -1.743911e+05  3.999888  1.297656  5.475665e-08      NaN
46   Temperature       0  1.0  0.0   46  305.782762   155.095348     237.719869 -1.744025e+05  3.999881  1.297671  1.019154e-07      NaN
47   Temperature       0  1.0  0.0   47  305.782761   155.097677     237.702143 -1.743910e+05  3.999888  1.297656  5.212673e-08      NaN
48   Temperature       0  1.0  0.0   48  305.782298   171.038628     115.907716 -1.097784e+05  3.999932  1.194613  1.489695e-03      NaN
49   Temperature       0  1.0  0.0   49  305.783492   151.648825     301.546720 -2.101980e+05  3.999886  1.334979  9.564034e-04      NaN
50   Temperature       0  1.0  0.0   50  305.741534   152.125775     116.723989 -5.558163e+04  3.999848  1.090443  1.223054e-03      NaN
51   Temperature       0  1.0  0.0   51  305.755363   166.479067     108.973212 -7.102202e+04  3.999929  1.119359  1.711355e-03      NaN
52   Temperature       0  1.0  0.0   52  305.791838    45.746666    4612.174739 -8.124250e+05  3.348628  1.815902  1.674339e-03      NaN
53   Temperature       0  1.0  0.0   53  305.803580   152.765108    1208.066492 -1.611728e+06  3.999963  1.708385  1.261719e-03      NaN
54   Temperature       0  1.0  0.0   54  305.782760   155.110027     237.672196 -1.743797e+05  3.999941  1.297629  2.379724e-03      NaN
55   Temperature       0  1.0  0.0   55  305.779704   176.398401      82.769390 -8.122746e+04  3.999960  1.134511  1.590664e-03      NaN
56   Temperature       0  1.0  0.0   56  305.781472   175.872671      88.934636 -8.961607e+04  3.999898  1.153113  1.507887e-03      NaN
57   Temperature       0  1.0  0.0   57  305.749669   152.311867     148.733401 -7.541895e+04  3.999887  1.146159  5.629546e-04      NaN
58   Temperature       0  1.0  0.0   58  305.782761   155.106963     237.689471 -1.743931e+05  3.999925  1.297647  1.408384e-03      NaN
59   Temperature       0  1.0  0.0   59  305.784762   172.080878     154.914952 -1.495883e+05  3.999897  1.250021  5.535540e-04      NaN
60   Temperature       0  1.0  0.0   60  305.782157   157.651513     200.228907 -1.522146e+05  3.999923  1.270406  9.856820e-04      NaN
61   Temperature       0  1.0  0.0   61  305.782763   155.078775     237.767148 -1.744187e+05  3.999820  1.297709  5.532698e-08      NaN
62   Temperature       0  1.0  0.0   62  305.791433    43.632297    3711.820989 -7.416703e+05  3.246319  1.809946  6.959504e-04      NaN
63   Temperature       0  1.0  0.0   63  305.808908    73.930335    7687.826799 -3.711386e+06  3.602276  1.999979  9.325229e-04      NaN
64   Temperature       0  1.0  0.0   64  305.742152   110.068398     102.779133 -3.709425e+04  3.759382  1.079231  3.814023e-04      NaN
65   Temperature       0  1.0  0.0   65  305.774290   132.260350     812.272210 -3.977881e+05  3.999991  1.477184  1.278814e-03      NaN
66   Temperature       0  1.0  0.0   66  305.782763   155.081093     237.750546 -1.744084e+05  3.999826  1.297695  1.201309e-07      NaN
67   Temperature       0  1.0  0.0   67  305.783574   151.676182     302.817643 -2.114016e+05  3.999999  1.335992  2.359801e-03      NaN
68   Temperature       0  1.0  0.0   68  305.787865    61.799479     574.245831 -1.934362e+05  3.403231  1.497297  6.832111e-04      NaN
69   Temperature       0  1.0  0.0   69  305.745140   104.383352     136.438936 -4.602789e+04  3.745304  1.127594  5.831756e-04      NaN
70   Temperature       0  1.0  0.0   70  305.782769   155.049121     237.889271 -1.744809e+05  3.999716  1.297810  2.645690e-07      NaN
71   Temperature       0  1.0  0.0   71  305.787417   194.558632      42.154263 -5.467699e+04  3.999969  1.044059  2.557178e-03      NaN
72   Temperature       0  1.0  0.0   72  305.784202   147.479022     325.111059 -2.216013e+05  3.984023  1.349975  9.758287e-04      NaN
73   Temperature       0  1.0  0.0   73  305.782161   157.664057     200.245184 -1.522441e+05  3.999981  1.270426  1.428397e-05      NaN
74   Temperature       0  1.0  0.0   74  305.782764   155.073755     237.782211 -1.744242e+05  3.999802  1.297721  1.191350e-07      NaN
75   Temperature       0  1.0  0.0   75  305.782763   155.078954     237.766355 -1.744189e+05  3.999820  1.297709  5.508327e-08      NaN
76   Temperature       0  1.0  0.0   76  305.798953   148.109073     444.716510 -3.629180e+05  3.999897  1.440899  7.579047e-04      NaN
77   Temperature       0  1.0  0.0   77  305.809372    73.686557    6952.759638 -3.658272e+06  3.592256  1.999952  9.371392e-05      NaN
78   Temperature       0  1.0  0.0   78  305.784203   147.470845     325.162987 -2.216282e+05  3.983990  1.350008  1.404022e-03      NaN
79   Temperature       0  1.0  0.0   79  305.782761   155.096341     237.708512 -1.743939e+05  3.999884  1.297661  9.714188e-04      NaN
80   Temperature       0  1.0  0.0   80  305.754375   209.058151      23.930226 -2.332373e+04  3.999937  0.873316  3.157316e-03      NaN
81   Temperature       0  1.0  0.0   81  305.787146   123.499770     671.049428 -3.577257e+05  3.911005  1.471583  1.798130e-06      NaN
82   Temperature       0  1.0  0.0   82  305.782764   155.073961     237.781348 -1.744245e+05  3.999802  1.297721  8.036331e-08      NaN
83   Temperature       0  1.0  0.0   83  305.790976    45.181722    2775.260604 -5.890559e+05  3.260794  1.762404  2.106318e-03      NaN
84   Temperature       0  1.0  0.0   84  305.804691   163.896195     231.926451 -3.214068e+05  3.999909  1.400991  1.235592e-03      NaN
85   Temperature       0  1.0  0.0   85  305.782760   155.088360     237.709774 -1.743813e+05  3.999854  1.297658  9.715128e-04      NaN
86   Temperature       0  1.0  0.0   86  305.806264   106.050300    4486.886551 -5.349462e+06  3.785985  1.999953  1.312823e-03      NaN
87   Temperature       0  1.0  0.0   87  305.783574   151.676184     302.817544 -2.114016e+05  3.999999  1.335992  2.359805e-03      NaN
88   Temperature       0  1.0  0.0   88  305.782760   155.096340     237.696636 -1.743842e+05  3.999881  1.297651  1.061061e-07      NaN
89   Temperature       0  1.0  0.0   89  305.792240   166.648502     296.158321 -3.117317e+05  3.999889  1.389711  1.516787e-03      NaN
90   Temperature       0  1.0  0.0   90  305.791379    47.095576    3615.493303 -6.694594e+05  3.360214  1.776411  2.685362e-04      NaN
91   Temperature       0  1.0  0.0   91  305.785530   167.963931     200.566690 -1.831746e+05  3.999922  1.290697  5.296385e-04      NaN
92   Temperature       0  1.0  0.0   92  305.786446   101.080171     367.868482 -1.937868e+05  3.697872  1.399573  4.829145e-04      NaN
93   Temperature       0  1.0  0.0   93  305.757227   156.555722      89.439157 -4.993143e+04  3.999970  1.066543  1.096772e-03      NaN
94   Temperature       0  1.0  0.0   94  305.808021    93.782171    1386.385756 -1.098476e+06  3.697281  1.733022  6.491098e-05      NaN
95   Temperature       0  1.0  0.0   95  305.776775   177.169763      74.026398 -6.975146e+04  3.999808  1.105733  1.031772e-03      NaN
96   Temperature       0  1.0  0.0   96  305.817473   132.922191     849.328862 -6.736316e+06  3.908949  1.999781  1.736474e-03      NaN
97   Temperature       0  1.0  0.0   97  305.806975    69.246823   11769.547050 -3.495343e+06  3.654161  1.999971  9.794326e-04      NaN
98   Temperature       0  1.0  0.0   98  305.806100   108.116569    4872.156090 -5.492150e+06  3.802483  1.999956  1.346517e-03      NaN
99   Temperature       0  1.0  0.0   99  305.804714   164.651892     310.840225 -4.115582e+05  3.999845  1.444899  1.016606e-03      NaN
100  Temperature       0  1.0  0.0  100  305.790976    45.174228    2776.267701 -5.891650e+05  3.260691  1.762471  6.979195e-04      NaN
101  Temperature       0  1.0  1.0    0  305.791677    31.399087   10094.390342 -1.454008e+06  3.039822  1.999687  1.224028e-03      NaN
102  Temperature       0  1.0  1.0    1  305.787737    57.173157     288.748711 -1.113206e+05  3.304436  1.413559  1.460432e-05      NaN
103  Temperature       0  1.0  1.0    2  305.791654    31.493327    9844.288116 -1.424846e+06  3.041285  1.995506  8.138873e-08      NaN
104  Temperature       0  1.0  1.0    3  305.791680    31.395471   10103.777277 -1.455380e+06  3.039749  1.999884  6.047481e-04      NaN
105  Temperature       0  1.0  1.0    4  305.791656    32.401631    8980.918274 -1.347849e+06  3.056634  1.979478  9.318648e-06      NaN
106  Temperature       0  1.0  1.0    5  305.686721   114.939655      37.934857 -1.118472e+04  3.737452  0.850752  8.569269e-05      NaN
107  Temperature       0  1.0  1.0    6  305.791660    31.466176    9884.249348 -1.429819e+06  3.040724  1.996323  7.650502e-08      NaN
108  Temperature       0  1.0  1.0    7  305.791649    32.437028    8843.781100 -1.331825e+06  3.056895  1.977207  9.396963e-06      NaN
109  Temperature       0  1.0  1.0    8  305.921096    87.270938      -3.465737 -8.997901e+02  2.788295  0.448010  1.818755e-03      NaN
110  Temperature       0  1.0  1.0    9  305.791678    31.398062   10097.536399 -1.454410e+06  3.039806  1.999743  2.092638e-08      NaN
111  Temperature       0  1.0  1.0   10  305.786200    55.215148     273.749223 -1.003080e+05  3.276957  1.401352  6.580608e-05      NaN
112  Temperature       0  1.0  1.0   11  305.786195    55.211159     273.698231 -1.002736e+05  3.276904  1.401303  6.590283e-05      NaN
113  Temperature       0  1.0  1.0   12  305.785626    59.914015     230.430115 -8.983412e+04  3.326830  1.364828  1.913278e-05      NaN
114  Temperature       0  1.0  1.0   13  305.791679    31.403898   10089.273180 -1.453430e+06  3.039933  1.999582  1.684640e-07      NaN
115  Temperature       0  1.0  1.0   14  306.936308    -1.603740      -8.870000  1.765801e+01  0.500000  0.250000  2.426762e-03      NaN
116  Temperature       0  1.0  1.0   15  305.791677    31.395862   10098.540411 -1.454446e+06  3.039762  1.999762  1.163457e-03      NaN
117  Temperature       0  1.0  1.0   16  305.792897    33.200094    9574.421128 -1.543809e+06  3.067461  1.999863  5.283379e-05      NaN
118  Temperature       0  1.0  1.0   17  305.788793    20.512716    8532.371006 -8.623258e+05  2.781871  1.999954  4.022285e-04      NaN
119  Temperature       0  1.0  1.0   18  305.792855    33.195068    9604.781779 -1.569447e+06  3.066743  1.999914  9.912043e-05      NaN
120  Temperature       0  1.0  1.0   19  305.792786    32.859233    9529.822739 -1.550819e+06  3.059525  1.999967  6.980869e-04      NaN
121  Temperature       0  1.0  1.0   20  305.791881    32.699170   10304.619588 -1.552814e+06  3.064481  1.999905  7.386467e-05      NaN
122  Temperature       0  1.0  1.0   21  305.791677    31.399608   10094.323764 -1.454069e+06  3.039832  1.999691  1.163418e-03      NaN
123  Temperature       0  1.0  1.0   22  306.947854    -1.615252      -8.939360  1.774620e+01  0.500000  0.250000  2.429111e-03      NaN
124  Temperature       0  1.0  1.0   23  305.791677    31.391337   10106.160175 -1.455241e+06  3.039682  1.999890  1.163579e-03      NaN
125  Temperature       0  1.0  1.0   24  305.788793    20.512176    8530.292603 -8.618028e+05  2.781902  1.999843  4.020675e-04      NaN
126  Temperature       0  1.0  1.0   25  305.792784    32.856316    9521.647448 -1.549669e+06  3.059428  1.999854  7.051839e-04      NaN
127  Temperature       0  1.0  1.0   26  305.787745    57.148651     289.168801 -1.114528e+05  3.304208  1.413864  1.524989e-05      NaN
128  Temperature       0  1.0  1.0   27  305.787941    18.784240    9362.883126 -7.805827e+05  2.745146  1.999812  3.749557e-04      NaN
129  Temperature       0  1.0  1.0   28  305.791660    32.371078    9016.204649 -1.351935e+06  3.056055  1.980224  9.444773e-06      NaN
130  Temperature       0  1.0  1.0   29  305.782613   156.288144     227.686850 -1.694686e+05  3.999982  1.290970  2.095149e-03      NaN
131  Temperature       0  1.0  1.0   30  305.791881    32.695404   10307.916876 -1.553171e+06  3.064407  1.999971  7.406275e-05      NaN
132  Temperature       0  1.0  1.0   31  305.921059    87.133424      -3.469188 -8.989624e+02  2.787712  0.448176  1.815867e-03      NaN
133  Temperature       0  1.0  1.0   32  305.784807   148.880965     383.845240 -2.594480e+05  3.999863  1.376002  2.086996e-03      NaN
134  Temperature       0  1.0  1.0   33  305.791875    32.687996   10313.477557 -1.552922e+06  3.064317  1.999980  7.343236e-05      NaN
135  Temperature       0  1.0  1.0   34  306.872473    -1.113234      -8.900827  1.619230e+01  0.500000  0.250000  1.502842e-03      NaN
136  Temperature       0  1.0  1.0   35  305.791678    31.408202   10084.736711 -1.453071e+06  3.040004  1.999510  2.992818e-05      NaN
137  Temperature       0  1.0  1.0   36  305.920077    87.822276      -3.506624 -9.201600e+02  2.794331  0.450906  1.824369e-03      NaN
138  Temperature       0  1.0  1.0   37  305.782615   156.266784     227.719631 -1.694744e+05  3.999895  1.291003  2.095167e-03      NaN
139  Temperature       0  1.0  1.0   38  305.790795    35.323580    5741.889075 -9.051878e+05  3.114201  1.888772  1.154062e-03      NaN
140  Temperature       0  1.0  1.0   39  305.791670    31.413982   10066.090782 -1.450324e+06  3.040119  1.999123  6.713214e-08      NaN
141  Temperature       0  1.0  1.0   40  305.791670    31.417209   10062.364735 -1.449904e+06  3.040190  1.999049  3.364115e-07      NaN
142  Temperature       0  1.0  1.0   41  305.791655    31.288186   10076.443459 -1.449587e+06  3.037119  1.999997  5.930461e-05      NaN
143  Temperature       0  1.0  1.0   42  305.791673    31.379034   10106.669296 -1.454449e+06  3.039479  1.999872  6.044968e-04      NaN
144  Temperature       0  1.0  1.0   43  305.921089    87.291613      -3.466095 -9.001773e+02  2.788485  0.448043  1.788819e-03      NaN
145  Temperature       0  1.0  1.0   44  305.791674    31.414483   10069.354605 -1.450992e+06  3.040125  1.999206  7.890287e-08      NaN
146  Temperature       0  1.0  1.0   45  305.785401    61.969232     211.509260 -8.572634e+04  3.343130  1.349440  1.776868e-06      NaN
147  Temperature       0  1.0  1.0   46  305.791674    31.411789   10072.262197 -1.451263e+06  3.040079  1.999257  1.007842e-07      NaN
148  Temperature       0  1.0  1.0   47  305.822971   248.952418    -533.192184 -9.087391e+05  3.999946  1.512511  2.308277e-03      NaN
149  Temperature       0  1.0  1.0   48  305.792914    33.326771    9567.350515 -1.548565e+06  3.069677  1.999531  5.407448e-05      NaN
150  Temperature       0  1.0  1.0   49  305.792857    33.192364    9599.796693 -1.569538e+06  3.066598  1.999952  9.970820e-05      NaN
151  Temperature       0  1.0  1.0   50  305.791670    31.374857   10108.298631 -1.454049e+06  3.039452  1.999846  6.341321e-04      NaN
152  Temperature       0  1.0  1.0   51  305.686719   114.967641      37.936978 -1.118774e+04  3.737639  0.850754  1.151976e-04      NaN
153  Temperature       0  1.0  1.0   52  305.791641    32.455763    8814.510435 -1.327882e+06  3.057255  1.976545  9.400755e-06      NaN
154  Temperature       0  1.0  1.0   53  305.787945    53.064626     570.063167 -1.839908e+05  3.282635  1.517062  3.165284e-05      NaN
155  Temperature       0  1.0  1.0   54  305.792915    33.328016    9566.243057 -1.548622e+06  3.069677  1.999531  5.406080e-05      NaN
156  Temperature       0  1.0  1.0   55  305.791676    31.402994   10087.870350 -1.453233e+06  3.039897  1.999564  2.962985e-08      NaN
157  Temperature       0  1.0  1.0   56  305.790795    35.336246    5735.521456 -9.045336e+05  3.114418  1.888568  1.153977e-03      NaN
158  Temperature       0  1.0  1.0   57  305.788788    20.500780    8540.914211 -8.619874e+05  2.781642  1.999999  4.021286e-04      NaN
159  Temperature       0  1.0  1.0   58  305.790878    34.857537    6239.628604 -9.622286e+05  3.107965  1.902454  9.834925e-06      NaN
160  Temperature       0  1.0  1.0   59  305.789931    49.115623     804.108141 -2.465611e+05  3.243823  1.586245  1.776364e-05      NaN
161  Temperature       0  1.0  1.0   60  305.787532   116.586061    1146.332533 -4.880658e+05  3.999939  1.539722  2.297895e-03      NaN
162  Temperature       0  1.0  1.0   61  305.791675    31.394166   10098.852194 -1.454489e+06  3.039710  1.999780  7.893155e-08      NaN
163  Temperature       0  1.0  1.0   62  305.785694    59.669224     236.328492 -9.158160e+04  3.325277  1.369098  1.915567e-05      NaN
164  Temperature       0  1.0  1.0   63  305.921087    87.272678      -3.466898 -9.001106e+02  2.788369  0.448072  1.818689e-03      NaN
165  Temperature       0  1.0  1.0   64  305.791663    32.386847    9005.948268 -1.351302e+06  3.056341  1.980041  2.045816e-05      NaN
166  Temperature       0  1.0  1.0   65  305.791658    31.481826    9865.200950 -1.427478e+06  3.041066  1.995919  2.240946e-07      NaN
167  Temperature       0  1.0  1.0   66  305.791878    32.698175   10316.996019 -1.553657e+06  3.064554  1.999998  7.355234e-05      NaN
168  Temperature       0  1.0  1.0   67  305.790813    31.828089    7925.629973 -1.126362e+06  3.048383  1.949961  2.654843e-05      NaN
169  Temperature       0  1.0  1.0   68  305.821888   248.461843    -446.681960 -8.175662e+05  3.999736  1.493433  1.682483e-03      NaN
170  Temperature       0  1.0  1.0   69  305.937102    90.916843      -3.142717 -8.042617e+02  2.777162  0.418991  1.833866e-03      NaN
171  Temperature       0  1.0  1.0   70  305.792717    32.158917    9462.064107 -1.487339e+06  3.048210  1.999931  3.765808e-05      NaN
172  Temperature       0  1.0  1.0   71  305.783022   154.124288     252.024458 -1.826089e+05  3.999761  1.307211  2.098294e-03      NaN
173  Temperature       0  1.0  1.0   72  305.920108    87.815369      -3.507435 -9.200951e+02  2.794260  0.450909  1.831510e-03      NaN
174  Temperature       0  1.0  1.0   73  305.790786    35.344496    5726.468283 -9.031636e+05  3.114555  1.888241  9.460431e-06      NaN
175  Temperature       0  1.0  1.0   74  305.791680    31.390745   10108.839302 -1.455970e+06  3.039638  1.999990  1.038590e-07      NaN
176  Temperature       0  1.0  1.0   75  305.678548   133.763959      31.470993 -1.060322e+04  3.821746  0.812016  9.604702e-05      NaN
177  Temperature       0  1.0  1.0   76  305.791683    31.398860   10104.340715 -1.455796e+06  3.039806  1.999916  1.094479e-07      NaN
178  Temperature       0  1.0  1.0   77  305.791677    31.441469   10045.506792 -1.449613e+06  3.040533  1.998861  3.001798e-05      NaN
179  Temperature       0  1.0  1.0   78  305.782611   156.248873     227.802058 -1.694918e+05  3.999854  1.291043  2.124807e-03      NaN
180  Temperature       0  1.0  1.0   79  305.791680    31.388005   10107.281432 -1.455534e+06  3.039594  1.999953  6.046965e-04      NaN
181  Temperature       0  1.0  1.0   80  305.784669   154.517314     257.375343 -1.922076e+05  3.999800  1.316213  2.097149e-03      NaN
182  Temperature       0  1.0  1.0   81  305.791678    31.379829   10106.091049 -1.455159e+06  3.039422  1.999965  6.047320e-04      NaN
183  Temperature       0  1.0  1.0   82  305.792714    32.148404    9458.598010 -1.485327e+06  3.048100  1.999828  2.892660e-05      NaN
184  Temperature       0  1.0  1.0   83  305.686736   114.884763      37.952194 -1.118458e+04  3.737188  0.850841  1.278935e-03      NaN
185  Temperature       0  1.0  1.0   84  305.791663    32.383614    9007.130768 -1.351336e+06  3.056283  1.980067  9.357441e-06      NaN
186  Temperature       0  1.0  1.0   85  305.791676    31.388121   10104.067932 -1.454785e+06  3.039628  1.999856  6.046334e-04      NaN
187  Temperature       0  1.0  1.0   86  305.782759   155.121625     237.618695 -1.743596e+05  3.999976  1.297594  2.099137e-03      NaN
188  Temperature       0  1.0  1.0   87  305.791669    31.417278   10059.134925 -1.449518e+06  3.040181  1.999002  1.366756e-07      NaN
189  Temperature       0  1.0  1.0   88  305.610810   263.784452       6.959923 -4.509804e+03  3.990202  0.526857  1.051123e-04      NaN
190  Temperature       0  1.0  1.0   89  305.791882    32.697410   10310.744475 -1.553137e+06  3.064503  1.999947  7.322050e-05      NaN
191  Temperature       0  1.0  1.0   90  305.791676    31.441528   10040.968903 -1.448910e+06  3.040545  1.998773  3.010334e-05      NaN
192  Temperature       0  1.0  1.0   91  305.787753    57.108674     289.791310 -1.116297e+05  3.303836  1.414295  1.521845e-05      NaN
193  Temperature       0  1.0  1.0   92  305.784662   154.526962     257.191558 -1.920776e+05  3.999802  1.316078  2.097169e-03      NaN
194  Temperature       0  1.0  1.0   93  305.792974    31.285078   14375.742395 -1.476772e+06  3.171242  1.999572  1.137454e-03      NaN
195  Temperature       0  1.0  1.0   94  305.930723    97.021991      -3.223489 -9.191085e+02  2.824473  0.430127  1.928827e-03      NaN
196  Temperature       0  1.0  1.0   95  305.789877    23.961021    9113.542188 -1.068425e+06  2.874424  1.999925  4.468084e-04      NaN
197  Temperature       0  1.0  1.0   96  305.825308   271.236741     -86.712106 -2.043278e+05  3.998645  1.222501  1.484680e-03      NaN
198  Temperature       0  1.0  1.0   97  305.791674    31.367963   10099.018220 -1.454480e+06  3.039036  1.999966  6.068221e-05      NaN
199  Temperature       0  1.0  1.0   98  305.791879    32.696089   10313.090469 -1.553097e+06  3.064503  1.999947  7.337877e-05      NaN
200  Temperature       0  1.0  1.0   99  305.791676    31.411742   10077.622693 -1.452174e+06  3.040075  1.999374  8.744055e-08      NaN
201  Temperature       0  1.0  1.0  100  305.791675    31.412711   10074.242551 -1.451625e+06  3.040092  1.999297  6.021304e-08      NaN
202  Temperature       0  2.0  0.0    0  305.790843   145.597228     440.561723 -3.127448e+05  3.999842  1.416598  4.255216e-03      NaN
203  Temperature       0  2.0  0.0    1  305.794228    33.782676   11745.051672 -1.584737e+06  3.148171  1.999994  2.064749e-03      NaN
204  Temperature       0  2.0  0.0    2  305.799027   160.792339     400.838054 -4.502380e+05  3.999961  1.465180  5.385006e-04      NaN
205  Temperature       0  2.0  0.0    3  305.797019   135.876633     850.439256 -5.565767e+05  3.999841  1.535723  2.765885e-03      NaN
206  Temperature       0  2.0  0.0    4  305.795937   154.429973     379.028976 -3.321791e+05  3.999994  1.416415  3.324321e-03      NaN
207  Temperature       0  2.0  0.0    5  305.800029   147.251009     419.634332 -3.667560e+05  3.999811  1.444672  3.766471e-03      NaN
208  Temperature       0  2.0  0.0    6  305.800672    58.864632   11245.030907 -2.936078e+06  3.499677  1.999973  1.029552e-03      NaN
209  Temperature       0  2.0  0.0    7  305.789500   111.612877    1065.297758 -4.610442e+05  3.904339  1.536486  2.678289e-03      NaN
210  Temperature       0  2.0  0.0    8  305.809513    63.227659    8103.624803 -3.112536e+06  3.516468  1.999995  2.316394e-03      NaN
211  Temperature       0  2.0  0.0    9  305.813725   146.655352     836.193063 -1.056841e+06  3.999957  1.639697  3.678368e-03      NaN
212  Temperature       0  2.0  0.0   10  305.792668   134.089892     480.760646 -2.984703e+05  3.999950  1.425039  3.008755e-03      NaN
213  Temperature       0  2.0  0.0   11  305.761547   173.296573      75.456797 -5.549511e+04  3.998204  1.067608  3.113870e-03      NaN
214  Temperature       0  2.0  0.0   12  305.782469   138.738272     360.176015 -2.052509e+05  3.997738  1.348390  1.319366e-03      NaN
215  Temperature       0  2.0  0.0   13  305.811494    99.132221    6957.228766 -5.048857e+06  3.796415  1.999998  2.587681e-03      NaN
216  Temperature       0  2.0  0.0   14  305.767236   145.486786     200.780085 -1.088989e+05  3.998912  1.222470  1.690986e-03      NaN
217  Temperature       0  2.0  0.0   15  305.804932    73.197904    9394.415446 -3.691849e+06  3.611148  1.999945  6.552395e-04      NaN
218  Temperature       0  2.0  0.0   16  305.802646    74.605812   10598.403449 -3.799380e+06  3.648240  1.999999  2.212057e-03      NaN
219  Temperature       0  2.0  0.0   17  305.790402    91.406376     957.907143 -3.734728e+05  3.742793  1.537379  2.256464e-03      NaN
220  Temperature       0  2.0  0.0   18  305.813304    75.709431    5698.631583 -3.731910e+06  3.611314  1.999773  8.245852e-04      NaN
221  Temperature       0  2.0  0.0   19  305.814269   116.664367    4302.249897 -5.938312e+06  3.868833  1.999985  2.367693e-03      NaN
222  Temperature       0  2.0  0.0   20  305.808282    92.300336    7426.483743 -4.639030e+06  3.751025  1.998328  1.945295e-03      NaN
223  Temperature       0  2.0  0.0   21  305.784851   137.366725     324.589821 -1.922712e+05  3.993854  1.338594  7.644387e-04      NaN
224  Temperature       0  2.0  0.0   22  305.773475   154.086335     231.207346 -1.521988e+05  3.997392  1.272931  9.221791e-04      NaN
225  Temperature       0  2.0  0.0   23  305.800137   140.031468    1123.369850 -8.724750e+05  4.000000  1.611111  1.924048e-03      NaN
226  Temperature       0  2.0  0.0   24  305.788637   148.140052     312.857062 -2.250954e+05  3.999311  1.353691  9.981196e-04      NaN
227  Temperature       0  2.0  0.0   25  305.802703   152.170862     880.676802 -9.491984e+05  3.999934  1.611074  3.008977e-03      NaN
228  Temperature       0  2.0  0.0   26  305.801048   148.048751     637.181865 -5.684288e+05  3.999013  1.523081  1.077708e-04      NaN
229  Temperature       0  2.0  0.0   27  305.795260    40.113277   10676.042864 -1.931554e+06  3.222222  2.000000  8.602224e-04      NaN
230  Temperature       0  2.0  0.0   28  305.797038    48.675728    6435.457007 -1.549854e+06  3.339217  1.923316  2.248391e-03      NaN
231  Temperature       0  2.0  0.0   29  305.792243    91.366547     638.064891 -2.915671e+05  3.709414  1.494956  2.808700e-03      NaN
232  Temperature       0  2.0  0.0   30  305.780879   114.708475     669.431563 -2.453723e+05  3.998768  1.416512  1.694095e-03      NaN
233  Temperature       0  2.0  0.0   31  305.780758   138.277248     316.435694 -1.710338e+05  3.997672  1.314655  1.477889e-03      NaN
234  Temperature       0  2.0  0.0   32  305.796442    44.362838   10311.388746 -2.115210e+06  3.305409  2.000000  4.032484e-03      NaN
235  Temperature       0  2.0  0.0   33  305.768577   156.082149     136.598479 -8.728995e+04  3.999519  1.170445  3.727311e-03      NaN
236  Temperature       0  2.0  0.0   34  305.788061   157.345677     218.265163 -1.955006e+05  3.987280  1.316698  2.668426e-03      NaN
237  Temperature       0  2.0  0.0   35  305.799010    56.281290   11044.478002 -2.785880e+06  3.462038  1.999943  3.871667e-03      NaN
238  Temperature       0  2.0  0.0   36  305.804025   137.445596    1081.697838 -8.501705e+05  3.999737  1.611091  2.274066e-03      NaN
239  Temperature       0  2.0  0.0   37  305.799978   130.460600    1100.334126 -8.744064e+05  3.930174  1.626034  1.843793e-03      NaN
240  Temperature       0  2.0  0.0   38  305.789297   165.379303     183.747194 -1.723863e+05  3.999585  1.284347  7.113950e-04      NaN
241  Temperature       0  2.0  0.0   39  305.812818   144.479454    2651.590273 -3.842673e+06  3.999999  1.877927  1.187113e-03      NaN
242  Temperature       0  2.0  0.0   40  305.786142   139.213905     549.132691 -3.289829e+05  3.992950  1.432860  1.181857e-04      NaN
243  Temperature       0  2.0  0.0   41  305.798192    79.995928    2869.301828 -1.190857e+06  3.625084  1.775892  1.214469e-03      NaN
244  Temperature       0  2.0  0.0   42  305.819340   153.298716    1288.011712 -4.021099e+06  3.999960  1.876760  1.622915e-03      NaN
245  Temperature       0  2.0  0.0   43  305.799162   140.501423     915.823022 -7.033490e+05  3.999934  1.571857  2.029297e-03      NaN
246  Temperature       0  2.0  0.0   44  305.786891   127.247604     618.503340 -3.076238e+05  3.999905  1.438133  3.336192e-03      NaN
247  Temperature       0  2.0  0.0   45  305.798336    68.330867    3933.044129 -1.442802e+06  3.541122  1.843009  3.677644e-03      NaN
248  Temperature       0  2.0  0.0   46  305.791866   144.308702     436.591336 -3.076659e+05  3.998679  1.415654  9.700338e-04      NaN
249  Temperature       0  2.0  0.0   47  305.782011   126.668854     469.534445 -2.222977e+05  3.993453  1.380554  2.438766e-03      NaN
250  Temperature       0  2.0  0.0   48  305.800480    61.709731    7419.645031 -3.025927e+06  3.458558  1.999999  1.139680e-03      NaN
251  Temperature       0  2.0  0.0   49  305.769268   131.184344     417.768376 -1.833533e+05  3.999364  1.336702  1.312641e-03      NaN
252  Temperature       0  2.0  0.0   50  305.790973   125.863989    1152.407028 -5.948581e+05  3.995637  1.561111  1.432475e-03      NaN
253  Temperature       0  2.0  0.0   51  305.790919   138.799825     481.758620 -2.982228e+05  3.999878  1.416728  2.287152e-03      NaN
254  Temperature       0  2.0  0.0   52  305.804855   152.579734     826.539152 -9.459384e+05  3.999964  1.610774  2.992699e-03      NaN
255  Temperature       0  2.0  0.0   53  305.771693   149.923193     223.103557 -1.369088e+05  3.996503  1.259504  1.019255e-03      NaN
256  Temperature       0  2.0  0.0   54  305.804373   146.955503     341.047402 -3.120838e+05  3.997165  1.416749  1.987445e-03      NaN
257  Temperature       0  2.0  0.0   55  305.767554   125.695284     442.965987 -1.749452e+05  3.999703  1.335081  2.616371e-03      NaN
258  Temperature       0  2.0  0.0   56  305.799271   156.197481     558.851957 -5.730325e+05  3.999912  1.513655  1.244698e-03      NaN
259  Temperature       0  2.0  0.0   57  305.801873   157.004260     453.759368 -4.969036e+05  3.999986  1.487642  4.351945e-03      NaN
260  Temperature       0  2.0  0.0   58  305.781887   125.790203     498.820340 -2.255640e+05  3.999834  1.384014  2.588307e-03      NaN
261  Temperature       0  2.0  0.0   59  305.784267   126.560839     445.717713 -2.244152e+05  3.972016  1.383318  6.443103e-04      NaN
262  Temperature       0  2.0  0.0   60  305.748127   154.741518      71.145947 -3.792678e+04  3.994941  1.018887  3.052740e-03      NaN
263  Temperature       0  2.0  0.0   61  305.787845   151.260113     209.863901 -1.571753e+05  3.999385  1.284303  2.486977e-03      NaN
264  Temperature       0  2.0  0.0   62  305.810657    71.045217    4545.415264 -1.882768e+06  3.605597  1.886536  1.670950e-03      NaN
265  Temperature       0  2.0  0.0   63  305.799905   158.420635     459.720003 -5.022174e+05  3.999644  1.487694  1.333297e-03      NaN
266  Temperature       0  2.0  0.0   64  305.779293   157.733458     265.508016 -1.947716e+05  3.999851  1.314152  2.355283e-03      NaN
267  Temperature       0  2.0  0.0   65  305.815127   102.539672    4456.270426 -5.155423e+06  3.782879  2.000000  2.798459e-03      NaN
268  Temperature       0  2.0  0.0   66  305.793771   155.316613     267.953149 -2.658463e+05  3.960448  1.375215  3.434267e-05      NaN
269  Temperature       0  2.0  0.0   67  305.815832   136.452849    3577.129090 -4.183500e+06  3.973739  1.903581  6.872692e-04      NaN
270  Temperature       0  2.0  0.0   68  305.808723    67.435243    7871.433707 -3.340813e+06  3.550425  2.000000  2.820890e-03      NaN
271  Temperature       0  2.0  0.0   69  305.761747   161.185155     100.079567 -6.575318e+04  3.991675  1.111527  4.930449e-04      NaN
272  Temperature       0  2.0  0.0   70  305.794544   132.796777    1175.677041 -6.894888e+05  3.996930  1.577390  3.226616e-04      NaN
273  Temperature       0  2.0  0.0   71  305.781538   148.858495     396.108261 -2.751337e+05  3.999787  1.388762  2.575320e-03      NaN
274  Temperature       0  2.0  0.0   72  305.793105   143.408098     543.071919 -3.939205e+05  3.994755  1.461175  4.925863e-04      NaN
275  Temperature       0  2.0  0.0   73  305.790861   139.423929     503.943390 -3.101658e+05  3.999156  1.422701  2.617294e-03      NaN
276  Temperature       0  2.0  0.0   74  305.798108    53.256305   11098.552826 -2.218675e+06  3.482360  1.967786  3.609957e-04      NaN
277  Temperature       0  2.0  0.0   75  305.777190   135.580492     384.845477 -1.975417e+05  3.999842  1.346008  4.344918e-03      NaN
278  Temperature       0  2.0  0.0   76  305.798902    87.085435    2107.008909 -7.922638e+05  3.764894  1.685349  9.308095e-04      NaN
279  Temperature       0  2.0  0.0   77  305.799760    48.109186   10657.006079 -2.360708e+06  3.350228  2.000000  1.512643e-03      NaN
280  Temperature       0  2.0  0.0   78  305.777197    31.187669    3349.397664 -3.256173e+05  3.107527  1.723317  9.877326e-04      NaN
281  Temperature       0  2.0  0.0   79  305.803841   139.649134    1327.684563 -1.075857e+06  3.999607  1.650542  2.637094e-03      NaN
282  Temperature       0  2.0  0.0   80  305.790078    57.395380    2725.799744 -6.025089e+05  3.471686  1.714215  1.730176e-03      NaN
283  Temperature       0  2.0  0.0   81  305.782309   174.526021      96.842411 -9.405149e+04  3.997981  1.163024  2.983297e-03      NaN
284  Temperature       0  2.0  0.0   82  305.786428   131.500085     563.451422 -2.846773e+05  3.999949  1.418180  1.715315e-03      NaN
285  Temperature       0  2.0  0.0   83  305.791875    98.385361    1262.720625 -5.551899e+05  3.807189  1.597875  2.482190e-03      NaN
286  Temperature       0  2.0  0.0   84  305.771239    47.260343     921.060528 -1.371349e+05  3.367913  1.483331  1.430654e-03      NaN
287  Temperature       0  2.0  0.0   85  305.795575    91.617489     966.634215 -4.697796e+05  3.709209  1.582130  6.376339e-04      NaN
288  Temperature       0  2.0  0.0   86  305.791294   149.200315     382.604202 -2.899675e+05  3.996871  1.398118  1.126919e-03      NaN
289  Temperature       0  2.0  0.0   87  305.778700   128.537235     361.996735 -1.682066e+05  3.997753  1.326316  2.120848e-03      NaN
290  Temperature       0  2.0  0.0   88  305.782259   128.044637     533.123106 -2.573573e+05  3.995152  1.405448  1.259810e-03      NaN
291  Temperature       0  2.0  0.0   89  305.781316   120.708101     250.682724 -1.667757e+05  3.799418  1.338716  1.187943e-03      NaN
292  Temperature       0  2.0  0.0   90  305.789807   110.362786    1186.605058 -5.544023e+05  3.857949  1.572002  4.158600e-04      NaN
293  Temperature       0  2.0  0.0   91  305.790404   146.404410     404.140026 -2.940221e+05  3.996006  1.404657  1.062394e-04      NaN
294  Temperature       0  2.0  0.0   92  305.777308   149.217228     355.944626 -2.183077e+05  3.999824  1.344675  2.476172e-03      NaN
295  Temperature       0  2.0  0.0   93  305.797282    60.132047    3166.368666 -9.151100e+05  3.478343  1.786197  2.525325e-03      NaN
296  Temperature       0  2.0  0.0   94  305.798507    56.864258    2985.248780 -1.149057e+06  3.381527  1.840112  1.133465e-03      NaN
297  Temperature       0  2.0  0.0   95  305.805475    71.266610    6830.980672 -3.513236e+06  3.566372  1.999996  1.723211e-03      NaN
298  Temperature       0  2.0  0.0   96  305.808387    68.461597    9554.124315 -3.405200e+06  3.611111  2.000000  1.743698e-03      NaN
299  Temperature       0  2.0  0.0   97  305.791977    55.310371    3082.845433 -7.480913e+05  3.422997  1.763829  2.239416e-03      NaN
300  Temperature       0  2.0  0.0   98  305.802164    64.057408   10611.298062 -3.207993e+06  3.546169  1.999999  3.999344e-03      NaN
301  Temperature       0  2.0  0.0   99  305.792106   153.724060     341.045561 -2.769756e+05  3.999769  1.383892  3.670140e-03      NaN
302  Temperature       0  2.0  0.0  100  305.800041   144.378129    1042.425417 -8.999254e+05  4.000000  1.611111  1.528508e-03      NaN
303  Temperature       0  2.0  1.0    0  305.791964    29.400060   13042.472406 -1.366967e+06  3.083090  1.999999  1.556623e-03      NaN
304  Temperature       0  2.0  1.0    1  305.791480   118.495297    1474.954803 -6.193314e+05  4.000000  1.579887  8.870998e-04      NaN
305  Temperature       0  2.0  1.0    2  305.788610    42.242553    1558.001659 -3.036490e+05  3.235304  1.657054  2.847173e-04      NaN
306  Temperature       0  2.0  1.0    3  305.775259   137.357669     302.508343 -1.546261e+05  4.000000  1.297756  7.483174e-04      NaN
307  Temperature       0  2.0  1.0    4  306.686381    -1.213660      -7.390647  1.519705e+01  0.500090  0.250281  1.566792e-03      NaN
308  Temperature       0  2.0  1.0    5  306.621193    -1.768306      -6.280409  1.593628e+01  0.500120  0.250020  1.115619e-03      NaN
309  Temperature       0  2.0  1.0    6  305.785935    22.681129   10433.663965 -9.824186e+05  2.871469  2.000000  4.164094e-04      NaN
310  Temperature       0  2.0  1.0    7  305.802358   123.966111    4791.818314 -2.603879e+06  4.000000  1.831199  1.256005e-03      NaN
311  Temperature       0  2.0  1.0    8  305.791507    30.201971   11301.939464 -1.222328e+06  3.099827  1.975117  5.120968e-05      NaN
312  Temperature       0  2.0  1.0    9  306.510532    -1.576905      -5.736134  1.498576e+01  0.500000  0.250000  1.388701e-03      NaN
313  Temperature       0  2.0  1.0   10  305.785057   106.814176    2064.608690 -6.742033e+05  4.000000  1.611111  1.781009e-03      NaN
314  Temperature       0  2.0  1.0   11  305.767097    77.855259    1557.171394 -2.641248e+05  4.000000  1.496455  1.154325e-03      NaN
315  Temperature       0  2.0  1.0   12  305.797978    61.332767    2130.691930 -2.905279e+06  3.363067  2.000000  1.696572e-03      NaN
316  Temperature       0  2.0  1.0   13  305.758522    71.505960    1769.826497 -2.540560e+05  4.000000  1.500460  1.692199e-03      NaN
317  Temperature       0  2.0  1.0   14  305.798132    28.994297    8781.062309 -1.265330e+06  3.045568  2.000000  5.543038e-04      NaN
318  Temperature       0  2.0  1.0   15  305.801484   111.613615    5941.186230 -2.551471e+06  3.999999  1.847258  6.771953e-04      NaN
319  Temperature       0  2.0  1.0   16  305.743209    61.949974     210.628410 -3.639003e+04  3.525349  1.189422  7.603700e-05      NaN
320  Temperature       0  2.0  1.0   17  305.817381    52.410674    -341.795513 -2.316523e+06  3.327339  2.000000  1.261953e-03      NaN
321  Temperature       0  2.0  1.0   18  305.789694    34.257338    3157.497159 -5.204211e+05  3.087861  1.799248  9.933999e-04      NaN
322  Temperature       0  2.0  1.0   19  305.798829    30.879414   11298.530762 -1.382510e+06  3.149865  2.000000  7.731789e-04      NaN
323  Temperature       0  2.0  1.0   20  305.783342    34.395983    2159.368041 -2.422121e+05  3.191629  1.652266  2.405428e-04      NaN
324  Temperature       0  2.0  1.0   21  305.780713    28.562779    3395.320206 -3.090147e+05  3.069932  1.736863  3.968119e-05      NaN
325  Temperature       0  2.0  1.0   22  305.760301    81.291884     690.379216 -1.280705e+05  4.000000  1.360692  1.112897e-03      NaN
326  Temperature       0  2.0  1.0   23  306.820401    -2.023318      -7.613294  1.799499e+01  0.500000  0.250000  1.401557e-03      NaN
327  Temperature       0  2.0  1.0   24  305.789650    35.977721    6464.589815 -7.982839e+05  3.233643  1.858363  9.088816e-04      NaN
328  Temperature       0  2.0  1.0   25  305.818526    55.718289     -45.616779 -1.689713e+04  3.040945  1.088840  1.657008e-03      NaN
329  Temperature       0  2.0  1.0   26  305.794887    48.759600    4809.606939 -8.144272e+05  3.439259  1.802569  1.116511e-04      NaN
330  Temperature       0  2.0  1.0   27  305.787093    14.758029   -1009.669654 -4.897299e+05  2.456487  1.999999  1.307750e-03      NaN
331  Temperature       0  2.0  1.0   28  305.777640   130.632892     588.415853 -2.803164e+05  4.000000  1.416667  1.552345e-03      NaN
332  Temperature       0  2.0  1.0   29  305.792217    30.788604    9557.903260 -1.409638e+06  3.032110  2.000000  9.782212e-04      NaN
333  Temperature       0  2.0  1.0   30  305.799838    39.821906    8998.008035 -1.844278e+06  3.222222  2.000000  5.945573e-04      NaN
334  Temperature       0  2.0  1.0   31  306.930749    -2.228852      -8.163011  1.899481e+01  0.500019  0.250009  1.521588e-03      NaN
335  Temperature       0  2.0  1.0   32  305.788416    77.796246    1209.212178 -4.019154e+05  3.625989  1.582020  2.807915e-04      NaN
336  Temperature       0  2.0  1.0   33  305.792929    34.944735   13007.861042 -1.667766e+06  3.186341  1.999999  9.807563e-05      NaN
337  Temperature       0  2.0  1.0   34  305.800935   131.877306    1969.620340 -1.290020e+06  3.999975  1.692885  1.260106e-03      NaN
338  Temperature       0  2.0  1.0   35  306.442866    -1.730693      -5.057059  1.486077e+01  0.500031  0.250007  1.256801e-03      NaN
339  Temperature       0  2.0  1.0   36  305.752237    81.919311     455.795775 -8.379524e+04  4.000000  1.283333  3.419306e-04      NaN
340  Temperature       0  2.0  1.0   37  305.789842    25.931822   -1581.269833 -4.122366e+05  2.755743  1.841687  1.167665e-03      NaN
341  Temperature       0  2.0  1.0   38  305.790689    27.076870   -2986.646996 -1.025345e+06  2.811684  1.999999  1.233375e-03      NaN
342  Temperature       0  2.0  1.0   39  305.783914   136.411376     462.930217 -2.606971e+05  4.000000  1.396750  7.844779e-04      NaN
343  Temperature       0  2.0  1.0   40  305.787027    40.353784    1654.754387 -2.841386e+05  3.226209  1.653768  3.037016e-05      NaN
344  Temperature       0  2.0  1.0   41  306.379585    -1.462722      -6.008122  1.711336e+01  0.500000  0.287612  1.945574e-03      NaN
345  Temperature       0  2.0  1.0   42  306.856839    -2.314134      -7.581384  1.884496e+01  0.500000  0.250000  1.525315e-03      NaN
346  Temperature       0  2.0  1.0   43  305.802521    36.162421    -100.761650 -2.737363e+04  2.845692  1.271527  1.261907e-03      NaN
347  Temperature       0  2.0  1.0   44  305.772499    56.186339     337.300121 -7.293073e+04  3.412984  1.339460  1.042872e-04      NaN
348  Temperature       0  2.0  1.0   45  305.794338    39.314254   13909.958238 -1.923677e+06  3.290831  1.999999  4.187190e-04      NaN
349  Temperature       0  2.0  1.0   46  306.539665    -1.774622      -5.684016  1.545022e+01  0.500000  0.250000  1.446110e-03      NaN
350  Temperature       0  2.0  1.0   47  305.790177    25.672796   -2337.605365 -6.182898e+05  2.766711  1.920368  1.038229e-03      NaN
351  Temperature       0  2.0  1.0   48  305.825235   138.175961    -625.631219 -2.134832e+06  3.877665  1.785592  1.250734e-03      NaN
352  Temperature       0  2.0  1.0   49  306.573839    -1.650889      -6.089513  1.544591e+01  0.500000  0.250000  1.551984e-03      NaN
353  Temperature       0  2.0  1.0   50  305.795764    44.331246    2209.557605 -1.977808e+06  3.182524  2.000000  1.378801e-03      NaN
354  Temperature       0  2.0  1.0   51  305.790980    21.085891    5866.764950 -8.148836e+05  2.792767  2.000000  1.510610e-03      NaN
355  Temperature       0  2.0  1.0   52  305.793571    28.366998    6679.519528 -1.224059e+06  2.975000  2.000000  5.246549e-04      NaN
356  Temperature       0  2.0  1.0   53  305.821858   135.351615    3641.753488 -6.848113e+06  4.000000  2.000000  6.868275e-04      NaN
357  Temperature       0  2.0  1.0   54  305.779956    38.200425    2000.560443 -2.777552e+05  3.186587  1.654988  9.924550e-04      NaN
358  Temperature       0  2.0  1.0   55  305.773927    95.352517     900.487748 -2.228723e+05  4.000000  1.430511  1.269030e-03      NaN
359  Temperature       0  2.0  1.0   56  305.802674    39.669201    -200.040465 -6.552577e+04  2.939203  1.411171  1.415936e-03      NaN
360  Temperature       0  2.0  1.0   57  306.947656    -1.173366      -9.230613  1.644692e+01  0.500000  0.250000  1.287822e-03      NaN
361  Temperature       0  2.0  1.0   58  305.763201    62.150830    1579.772131 -1.999505e+05  4.000000  1.487500  8.992898e-04      NaN
362  Temperature       0  2.0  1.0   59  305.774185    88.114226     974.461452 -2.149723e+05  4.000000  1.441404  1.191601e-03      NaN
363  Temperature       0  2.0  1.0   60  305.790154   129.820131    1582.315217 -8.168798e+05  4.000000  1.611111  1.220994e-03      NaN
364  Temperature       0  2.0  1.0   61  306.504256    -2.183589      -5.007351  1.616650e+01  0.500000  0.250000  2.021617e-03      NaN
365  Temperature       0  2.0  1.0   62  305.780715    16.650626   14277.147447 -7.184894e+05  2.717567  2.000000  3.725940e-04      NaN
366  Temperature       0  2.0  1.0   63  305.821526   122.013439    2617.379867 -6.159947e+06  3.896468  1.999994  1.725785e-03      NaN
367  Temperature       0  2.0  1.0   64  305.780146    77.010692    2141.404910 -7.152033e+05  3.589559  1.690878  3.032222e-04      NaN
368  Temperature       0  2.0  1.0   65  305.791525    23.043716   13118.262770 -1.016975e+06  2.975000  2.000000  7.746118e-04      NaN
369  Temperature       0  2.0  1.0   66  305.738282   137.142995     123.641981 -5.090504e+04  3.960002  1.093866  7.027942e-04      NaN
370  Temperature       0  2.0  1.0   67  305.779651    38.171898    2071.634528 -2.645836e+05  3.229719  1.647297  2.871665e-04      NaN
371  Temperature       0  2.0  1.0   68  305.757014   112.064415     799.528862 -2.355430e+05  4.000000  1.408439  1.591087e-03      NaN
372  Temperature       0  2.0  1.0   69  306.828634    -2.016123      -7.672161  1.800630e+01  0.500000  0.250000  1.686399e-03      NaN
373  Temperature       0  2.0  1.0   70  305.784120    84.519411     627.471198 -2.157830e+05  3.706021  1.456155  7.996104e-05      NaN
374  Temperature       0  2.0  1.0   71  306.566978    -1.779675      -6.007908  1.597452e+01  0.500000  0.250000  1.905014e-03      NaN
375  Temperature       0  2.0  1.0   72  305.775360    10.630163    7649.952924 -3.627128e+05  2.322222  2.000000  3.853324e-04      NaN
376  Temperature       0  2.0  1.0   73  305.798434    27.657376   10103.834824 -1.208549e+06  3.063058  2.000000  6.331262e-04      NaN
377  Temperature       0  2.0  1.0   74  305.758297   104.450873     409.954502 -1.095026e+05  4.000000  1.283333  1.909261e-03      NaN
378  Temperature       0  2.0  1.0   75  306.682881    -1.194471      -7.391329  1.516272e+01  0.500000  0.250000  1.956502e-03      NaN
379  Temperature       0  2.0  1.0   76  305.764997   139.109801     148.379016 -7.691511e+04  4.000000  1.170525  5.065787e-04      NaN
380  Temperature       0  2.0  1.0   77  306.906831    -2.167778      -8.023659  1.863593e+01  0.500000  0.250000  1.878208e-03      NaN
381  Temperature       0  2.0  1.0   78  305.821539   140.661662    3664.728398 -7.236099e+06  4.000000  2.000000  1.245311e-03      NaN
382  Temperature       0  2.0  1.0   79  305.773648    18.732947    5591.257474 -7.392010e+05  2.641643  2.000000  8.938202e-04      NaN
383  Temperature       0  2.0  1.0   80  305.761209    89.807596     648.087851 -1.375851e+05  4.000000  1.355080  1.290156e-03      NaN
384  Temperature       0  2.0  1.0   81  305.748837    62.129943     371.230386 -6.305408e+04  3.559212  1.284763  3.371221e-05      NaN
385  Temperature       0  2.0  1.0   82  305.784011    19.291264    6313.280721 -3.987315e+05  2.802280  1.863956  1.030121e-03      NaN
386  Temperature       0  2.0  1.0   83  306.557554    -1.898481      -5.727570  1.595751e+01  0.500000  0.250000  1.331422e-03      NaN
387  Temperature       0  2.0  1.0   84  305.804259    42.254361     -41.761305 -1.274748e+04  2.844205  1.093906  1.727733e-03      NaN
388  Temperature       0  2.0  1.0   85  305.819218    61.112412   -2217.455579 -2.757491e+06  3.388900  1.999998  7.527846e-04      NaN
389  Temperature       0  2.0  1.0   86  305.756456   108.642355     758.471181 -2.149274e+05  4.000000  1.398577  1.388266e-03      NaN
390  Temperature       0  2.0  1.0   87  306.715618    -1.132758      -7.730110  1.534434e+01  0.500000  0.250000  1.543281e-03      NaN
391  Temperature       0  2.0  1.0   88  305.722542   157.762205      39.910429 -2.030240e+04  3.931708  0.900715  1.310575e-03      NaN
392  Temperature       0  2.0  1.0   89  305.751815    99.765068     547.697477 -1.374248e+05  4.000000  1.336489  1.305943e-03      NaN
393  Temperature       0  2.0  1.0   90  306.543495    -0.913336      -6.592221  1.347661e+01  0.500014  0.250039  1.181038e-03      NaN
394  Temperature       0  2.0  1.0   91  306.544029    -1.924506      -5.558009  1.579398e+01  0.500000  0.250000  2.080770e-03      NaN
395  Temperature       0  2.0  1.0   92  305.792334    28.039634    7606.642620 -1.212342e+06  2.975000  2.000000  5.278504e-04      NaN
396  Temperature       0  2.0  1.0   93  305.817674   118.624915    8956.148653 -6.112938e+06  4.000000  2.000000  1.751830e-03      NaN
397  Temperature       0  2.0  1.0   94  306.993125    -1.502336      -9.242859  1.748988e+01  0.500000  0.250000  1.534494e-03      NaN
398  Temperature       0  2.0  1.0   95  306.625198    -2.017657      -6.037228  1.645662e+01  0.500000  0.250000  2.197547e-03      NaN
399  Temperature       0  2.0  1.0   96  306.474490    -1.975218      -4.992342  1.549985e+01  0.500000  0.250000  9.450482e-04      NaN
400  Temperature       0  2.0  1.0   97  307.163092    -2.522352      -9.518321  2.096920e+01  0.500000  0.250000  1.865716e-03      NaN
401  Temperature       0  2.0  1.0   98  305.799482    36.490501    9857.462723 -1.680260e+06  3.197681  1.999999  3.421407e-04      NaN
402  Temperature       0  2.0  1.0   99  305.743025     6.281028    2727.179189 -3.366492e+04  2.111596  1.648542  1.252830e-03      NaN
403  Temperature       0  2.0  1.0  100  305.751879    65.305222     952.016781 -1.237544e+05  4.000000  1.393432  1.467608e-03      NaN
404  Temperature       0  inf  0.0    0  305.799552   127.254715    1431.225601 -7.931681e+05  4.000000  1.611111  6.208938e-03      NaN
405  Temperature       0  inf  0.0    1  305.797039    91.997851    7449.955792 -2.506295e+06  3.860018  1.880892  1.971557e-06      NaN
406  Temperature       0  inf  0.0    2  305.814374   121.403467    9840.916072 -6.358606e+06  4.000000  2.000000  2.592481e-03      NaN
407  Temperature       0  inf  0.0    3  305.802979   141.539402    1883.263863 -1.669460e+06  3.999992  1.728053  1.978341e-03      NaN
408  Temperature       0  inf  0.0    4  305.813573   120.928491    9776.333690 -6.311464e+06  4.000000  2.000000  3.487596e-03      NaN
409  Temperature       0  inf  0.0    5  305.796099   117.117429    1463.938176 -6.647876e+05  3.999958  1.595385  2.470355e-03      NaN
410  Temperature       0  inf  0.0    6  305.808681    65.952809   11592.393197 -3.307072e+06  3.642983  1.999856  3.041833e-03      NaN
411  Temperature       0  inf  0.0    7  305.817345   110.036407   11009.150087 -5.704924e+06  4.000000  2.000000  4.364196e-03      NaN
412  Temperature       0  inf  0.0    8  305.798022   104.521907    4131.743491 -1.415556e+06  3.999938  1.751828  5.318972e-03      NaN
413  Temperature       0  inf  0.0    9  305.809391    83.385416    4889.981036 -4.130496e+06  3.633371  1.999441  3.523714e-03      NaN
414  Temperature       0  inf  0.0   10  305.807041    62.861346   10923.529316 -3.112091e+06  3.570059  1.999810  5.243121e-03      NaN
415  Temperature       0  inf  0.0   11  305.800391    74.560825   10838.499350 -3.805642e+06  3.638830  1.999975  2.115199e-03      NaN
416  Temperature       0  inf  0.0   12  305.799193    36.233149   12382.363745 -1.715273e+06  3.244434  1.999968  4.476586e-03      NaN
417  Temperature       0  inf  0.0   13  305.815102    94.039736    3004.344952 -4.662064e+06  3.698742  1.999789  3.980253e-03      NaN
418  Temperature       0  inf  0.0   14  305.789569   105.840467    1740.335248 -5.833694e+05  3.999998  1.587126  4.006357e-03      NaN
419  Temperature       0  inf  0.0   15  305.823700   123.964725    7744.133164 -6.403682e+06  4.000000  2.000000  4.809052e-03      NaN
420  Temperature       0  inf  0.0   16  305.814017   121.514813    9429.671033 -6.312047e+06  4.000000  2.000000  3.350162e-03      NaN
421  Temperature       0  inf  0.0   17  305.791406   104.824987    2894.212578 -9.463261e+05  3.999992  1.677781  2.521706e-03      NaN
422  Temperature       0  inf  0.0   18  305.793774    51.613028   12440.229670 -2.580596e+06  3.405981  1.999854  2.101573e-03      NaN
423  Temperature       0  inf  0.0   19  305.773798   134.520663     329.983658 -1.528097e+05  3.999953  1.298959  1.257892e-03      NaN
424  Temperature       0  inf  0.0   20  305.770243   104.901598     659.348028 -1.895913e+05  3.999961  1.382900  1.057375e-03      NaN
425  Temperature       0  inf  0.0   21  305.799424   124.804238    1814.444576 -9.476649e+05  3.999954  1.645540  6.187921e-03      NaN
426  Temperature       0  inf  0.0   22  305.811277    79.617780    8911.186639 -4.008668e+06  3.706784  1.999980  4.043057e-03      NaN
427  Temperature       0  inf  0.0   23  305.792811    38.169022   13056.627785 -1.860212e+06  3.216403  1.999926  2.723752e-03      NaN
428  Temperature       0  inf  0.0   24  305.807904   108.608472    3090.566141 -1.302245e+06  3.999999  1.731776  3.600133e-03      NaN
429  Temperature       0  inf  0.0   25  305.774737   109.146337     758.243647 -2.402175e+05  3.991106  1.418506  2.283097e-03      NaN
430  Temperature       0  inf  0.0   26  305.818616   129.095668    7401.625021 -6.723567e+06  4.000000  2.000000  3.511148e-03      NaN
431  Temperature       0  inf  0.0   27  305.769431   101.839369     412.357926 -1.240369e+05  3.920825  1.312775  6.504377e-04      NaN
432  Temperature       0  inf  0.0   28  305.807761   109.240673    2847.318554 -1.217956e+06  3.999982  1.719083  3.601271e-03      NaN
433  Temperature       0  inf  0.0   29  305.819768   125.013326    8206.176574 -6.533178e+06  4.000000  2.000000  5.202190e-03      NaN
434  Temperature       0  inf  0.0   30  305.793128   100.870037    3792.775248 -1.139480e+06  3.999982  1.716014  4.187021e-03      NaN
435  Temperature       0  inf  0.0   31  305.787485    25.895516   12586.740996 -1.196961e+06  2.966221  1.999878  2.037000e-03      NaN
436  Temperature       0  inf  0.0   32  305.806798    65.193985   11461.667358 -3.275008e+06  3.599538  1.999901  5.348545e-03      NaN
437  Temperature       0  inf  0.0   33  305.790628    30.995608   14921.236180 -1.482309e+06  3.135284  1.999986  3.255114e-03      NaN
438  Temperature       0  inf  0.0   34  305.794311   118.174168    2082.085139 -1.031108e+06  3.969145  1.672691  7.173036e-07      NaN
439  Temperature       0  inf  0.0   35  305.801570    58.706026   14175.930157 -2.930795e+06  3.589423  1.998385  3.848681e-03      NaN
440  Temperature       0  inf  0.0   36  305.802743    49.054108   13511.508406 -2.420483e+06  3.466830  1.999894  5.457570e-03      NaN
441  Temperature       0  inf  0.0   37  305.808014   144.708525    1774.566506 -2.026295e+06  3.999947  1.760576  1.615081e-03      NaN
442  Temperature       0  inf  0.0   38  305.776557   122.049677     417.573806 -1.682312e+05  3.999510  1.334581  2.338373e-03      NaN
443  Temperature       0  inf  0.0   39  305.808575    70.158101    5887.049309 -2.639256e+06  3.586175  1.950224  5.544356e-03      NaN
444  Temperature       0  inf  0.0   40  305.793817    49.601004   14393.118299 -2.496634e+06  3.434363  1.999881  1.534414e-03      NaN
445  Temperature       0  inf  0.0   41  305.799930   126.052176    3586.857836 -2.003526e+06  3.999956  1.780471  2.010372e-03      NaN
446  Temperature       0  inf  0.0   42  305.788134   108.129497    1199.372685 -4.199371e+05  3.999999  1.524859  4.449500e-03      NaN
447  Temperature       0  inf  0.0   43  305.810076    74.969199    7645.647616 -3.734693e+06  3.604649  1.999949  4.382508e-03      NaN
448  Temperature       0  inf  0.0   44  305.791169   111.516518    1442.291554 -5.458157e+05  3.999990  1.567149  4.477532e-03      NaN
449  Temperature       0  inf  0.0   45  305.823973   128.756670    6364.188688 -6.632714e+06  4.000000  2.000000  4.014065e-03      NaN
450  Temperature       0  inf  0.0   46  305.809374   144.630469    1306.425979 -1.241583e+06  3.999967  1.668942  3.491694e-03      NaN
451  Temperature       0  inf  0.0   47  305.789448    40.878678   14074.235453 -2.010878e+06  3.290415  1.999742  4.144482e-03      NaN
452  Temperature       0  inf  0.0   48  305.798492   102.838396    5202.740156 -1.716046e+06  3.999926  1.787856  5.285620e-03      NaN
453  Temperature       0  inf  0.0   49  305.773881   126.870410     437.475429 -1.781756e+05  3.999972  1.336106  2.022628e-03      NaN
454  Temperature       0  inf  0.0   50  305.797956    51.357084   10018.862870 -2.477999e+06  3.404108  1.999779  2.910192e-03      NaN
455  Temperature       0  inf  0.0   51  305.789373    36.797318   14856.725656 -1.801707e+06  3.238684  1.999976  3.177861e-03      NaN
456  Temperature       0  inf  0.0   52  305.824025   124.848502    7457.308414 -6.464311e+06  4.000000  2.000000  4.903362e-03      NaN
457  Temperature       0  inf  0.0   53  305.818013    87.838625   10973.378483 -4.148684e+06  3.868303  1.984620  3.345776e-03      NaN
458  Temperature       0  inf  0.0   54  305.795512   130.565988    1506.738230 -9.168378e+05  3.999962  1.632800  4.301393e-04      NaN
459  Temperature       0  inf  0.0   55  305.788132   108.128032    1199.426555 -4.199353e+05  3.999999  1.524859  4.449304e-03      NaN
460  Temperature       0  inf  0.0   56  305.786852    27.108648   14812.416988 -1.274069e+06  3.028972  1.999974  2.467590e-03      NaN
461  Temperature       0  inf  0.0   57  305.814837   121.983609    5811.941265 -3.729679e+06  3.999916  1.902565  5.289047e-03      NaN
462  Temperature       0  inf  0.0   58  305.799111    40.280650   14983.264994 -1.951573e+06  3.366040  1.999909  5.283074e-03      NaN
463  Temperature       0  inf  0.0   59  305.802079    42.237536   12833.365124 -2.017427e+06  3.366664  1.999789  5.230027e-03      NaN
464  Temperature       0  inf  0.0   60  305.797958    40.582263   15949.213690 -2.008504e+06  3.382084  1.999870  5.323896e-03      NaN
465  Temperature       0  inf  0.0   61  305.795298    64.447110    1879.112109 -4.208140e+05  3.625129  1.625970  7.957612e-04      NaN
466  Temperature       0  inf  0.0   62  305.802937   132.194464    4588.747073 -3.138412e+06  3.999986  1.854664  1.657217e-03      NaN
467  Temperature       0  inf  0.0   63  305.807397    61.043935   11989.898879 -3.045667e+06  3.572741  1.999909  4.233767e-03      NaN
468  Temperature       0  inf  0.0   64  305.817022   109.696981   11195.614251 -5.700896e+06  4.000000  2.000000  4.376806e-03      NaN
469  Temperature       0  inf  0.0   65  305.796301   116.799265    2048.657446 -9.182224e+05  3.999955  1.652990  3.857458e-03      NaN
470  Temperature       0  inf  0.0   66  305.801210   113.768200    5141.969116 -2.097582e+06  4.000000  1.805556  5.883516e-03      NaN
471  Temperature       0  inf  0.0   67  305.796460   136.194548    2059.458889 -1.288123e+06  3.999966  1.685090  2.130497e-03      NaN
472  Temperature       0  inf  0.0   68  305.814650    71.929893    7047.305335 -3.511065e+06  3.623538  1.999869  5.729659e-03      NaN
473  Temperature       0  inf  0.0   69  305.798843    72.454642   12118.933836 -3.079576e+06  3.723003  1.965257  1.097005e-03      NaN
474  Temperature       0  inf  0.0   70  305.798269    96.393725    7351.966645 -2.101739e+06  3.999971  1.835681  5.031971e-03      NaN
475  Temperature       0  inf  0.0   71  305.827157   134.546480    3782.142630 -6.855306e+06  4.000000  2.000000  4.996320e-03      NaN
476  Temperature       0  inf  0.0   72  305.802468    97.100057    4811.598093 -2.250860e+06  3.840033  1.854181  7.974585e-05      NaN
477  Temperature       0  inf  0.0   73  305.823794   124.441504    7639.245850 -6.447982e+06  4.000000  2.000000  4.827129e-03      NaN
478  Temperature       0  inf  0.0   74  305.808928    72.286947    6306.275255 -3.590174e+06  3.561482  1.999965  2.196193e-03      NaN
479  Temperature       0  inf  0.0   75  305.785033    21.902710   15675.488426 -1.002582e+06  2.926153  1.999964  2.784823e-03      NaN
480  Temperature       0  inf  0.0   76  305.824026   124.848966    7457.103696 -6.464330e+06  4.000000  2.000000  4.903440e-03      NaN
481  Temperature       0  inf  0.0   77  305.799706   124.676583    3763.232052 -2.022908e+06  3.999978  1.785309  1.947118e-03      NaN
482  Temperature       0  inf  0.0   78  305.814391   118.260353   10205.749533 -6.153689e+06  4.000000  2.000000  2.411891e-03      NaN
483  Temperature       0  inf  0.0   79  305.792192   100.143693    3174.212795 -9.515850e+05  3.999971  1.685262  4.127308e-03      NaN
484  Temperature       0  inf  0.0   80  305.807671   132.954962    5957.921290 -4.679552e+06  3.999976  1.927577  1.213319e-03      NaN
485  Temperature       0  inf  0.0   81  305.818016   138.281567    5702.264857 -7.210147e+06  4.000000  2.000000  1.993394e-03      NaN
486  Temperature       0  inf  0.0   82  305.798219    51.355632    9557.172848 -2.478689e+06  3.396691  1.999892  2.866445e-03      NaN
487  Temperature       0  inf  0.0   83  305.814834   121.999117    5806.853698 -3.727000e+06  3.999977  1.902410  5.289140e-03      NaN
488  Temperature       0  inf  0.0   84  305.798210    53.099330   10750.294093 -2.637520e+06  3.400913  1.999897  1.369992e-03      NaN
489  Temperature       0  inf  0.0   85  305.801016   130.890708    1771.665539 -1.098716e+06  3.999974  1.664629  4.916148e-03      NaN
490  Temperature       0  inf  0.0   86  305.807537    90.310544    3326.022824 -1.232986e+06  3.813367  1.756101  2.563965e-04      NaN
491  Temperature       0  inf  0.0   87  305.810850    70.695522    8821.222203 -3.495812e+06  3.616747  1.999820  5.318119e-03      NaN
492  Temperature       0  inf  0.0   88  305.810358   106.786241    7911.315326 -5.522269e+06  3.842761  1.999915  2.505520e-03      NaN
493  Temperature       0  inf  0.0   89  305.797654   107.559786    3649.805077 -1.337256e+06  3.999990  1.735726  2.245538e-03      NaN
494  Temperature       0  inf  0.0   90  305.791318    30.707997   11434.060832 -1.437769e+06  3.060982  1.999995  2.245845e-03      NaN
495  Temperature       0  inf  0.0   91  305.814864    89.850719    4618.273492 -4.495497e+06  3.692269  1.999760  2.979943e-03      NaN
496  Temperature       0  inf  0.0   92  305.817765   128.757621    6363.905001 -6.632750e+06  4.000000  2.000000  2.194686e-03      NaN
497  Temperature       0  inf  0.0   93  305.783297   106.911643    1039.891720 -3.403991e+05  4.000000  1.487500  3.398068e-03      NaN
498  Temperature       0  inf  0.0   94  305.796816    98.651580    4705.700886 -1.395104e+06  3.999980  1.757427  3.344283e-03      NaN
499  Temperature       0  inf  0.0   95  305.793937   123.182705    1584.564747 -8.086567e+05  3.999930  1.620725  1.109623e-03      NaN
500  Temperature       0  inf  0.0   96  305.782432   139.868157     300.039229 -2.012587e+05  3.927384  1.343635  2.024036e-03      NaN
501  Temperature       0  inf  0.0   97  305.800309   108.354830    5810.539567 -2.120530e+06  3.999996  1.816259  5.620574e-03      NaN
502  Temperature       0  inf  0.0   98  305.797029   128.289560     927.417855 -4.731642e+05  3.999966  1.513594  6.956591e-04      NaN
503  Temperature       0  inf  0.0   99  305.799497    55.876866   11692.288399 -2.798707e+06  3.463408  1.999961  2.074424e-03      NaN
504  Temperature       0  inf  0.0  100  305.795833   117.078763    2398.363092 -9.934967e+05  3.999992  1.665688  5.044040e-03      NaN
505  Temperature       0  inf  1.0    0  305.711527   306.037763       2.568919 -3.715340e+03  3.999949  0.468842  9.796359e-04      NaN
506  Temperature       0  inf  1.0    1  308.214516    -9.763358     -11.103264  4.688152e+01  0.500000  0.250000  5.320579e-03      NaN
507  Temperature       0  inf  1.0    2  304.726806    50.004978       5.767307 -1.809985e+02  3.303316  0.250000  1.038485e-03      NaN
508  Temperature       0  inf  1.0    3  305.895991   187.832689     -14.553638 -1.239613e+04  3.690813  0.787387  9.768197e-04      NaN
509  Temperature       0  inf  1.0    4  306.020918   537.362547      -1.045557 -2.024962e+03  3.823896  0.250113  6.703523e-04      NaN
510  Temperature       0  inf  1.0    5  304.722987    80.035104       5.785752 -3.042529e+02  3.435614  0.250004  8.565087e-04      NaN
511  Temperature       0  inf  1.0    6  305.800537     0.350416    -173.782205  4.234517e+02  0.500046  0.924990  1.609589e-03      NaN
512  Temperature       0  inf  1.0    7  305.785963   126.192005     866.414948 -4.165364e+05  3.999986  1.496548  6.376595e-04      NaN
513  Temperature       0  inf  1.0    8  307.361389    13.882451     -11.696451 -3.097766e+01  1.123076  0.250208  1.157794e-03      NaN
514  Temperature       0  inf  1.0    9  305.727955   224.509476      15.133416 -1.375297e+04  3.999996  0.763831  6.425787e-04      NaN
515  Temperature       0  inf  1.0   10  305.270762     2.401211  -86737.974312  1.417046e+05  0.500183  1.800287  4.400680e-03      NaN
516  Temperature       0  inf  1.0   11  305.752296    79.540790       0.197056 -2.716451e+02  2.824016  0.250044  2.065853e-03      NaN
517  Temperature       0  inf  1.0   12  305.874683   188.305961  -30654.647339 -7.619461e+06  4.000000  2.000000  3.402573e-03      NaN
518  Temperature       0  inf  1.0   13  306.547108  1319.910575      -8.058647 -8.521282e+03  3.999954  0.344237  2.960688e-03      NaN
519  Temperature       0  inf  1.0   14  305.763442   298.660106       6.451294 -1.540249e+04  3.999976  0.728180  1.933905e-03      NaN
520  Temperature       0  inf  1.0   15  305.846490   127.946087    -597.788832 -5.799986e+06  4.000000  2.000000  1.267781e-03      NaN
521  Temperature       0  inf  1.0   16  305.443569   -21.913816       2.590691  9.872350e+01  1.701861  0.250013  3.372156e-03      NaN
522  Temperature       0  inf  1.0   17  305.464870   101.211589       5.620413 -6.952259e+02  3.999906  0.399818  1.602766e-03      NaN
523  Temperature       0  inf  1.0   18  306.350392    -9.227506       1.773675  3.485289e+01  0.500000  0.250000  5.626504e-03      NaN
524  Temperature       0  inf  1.0   19  305.813902    79.667362   11211.414765 -2.536260e+06  3.999980  1.910887  1.090335e-03      NaN
525  Temperature       0  inf  1.0   20  305.626857    46.963381       0.809290 -1.579177e+02  2.521241  0.250082  2.642049e-04      NaN
526  Temperature       0  inf  1.0   21  305.160272     3.095611   -8750.162861  1.246492e+04  0.500000  1.416667  2.537370e-03      NaN
527  Temperature       0  inf  1.0   22  305.806097    31.500042   -1743.567799 -5.614283e+05  2.959804  1.873493  2.904794e-04      NaN
528  Temperature       0  inf  1.0   23  306.740901    -4.244810      -4.807558  2.272493e+01  0.500000  0.250000  2.613471e-03      NaN
529  Temperature       0  inf  1.0   24  305.770160    85.678724    2321.165353 -4.823376e+05  3.999693  1.587656  3.119739e-04      NaN
530  Temperature       0  inf  1.0   25  307.740950     2.104436     -18.363786  1.355349e+01  0.500000  0.250000  1.953975e-03      NaN
531  Temperature       0  inf  1.0   26  305.786058     0.319255   13191.452409  9.486951e+04  1.159484  2.000000  3.849896e-03      NaN
532  Temperature       0  inf  1.0   27  306.305429    -5.274796      -0.640241  2.260513e+01  0.500000  0.250000  2.062803e-03      NaN
533  Temperature       0  inf  1.0   28  307.669628    -9.133977      -6.876712  4.008906e+01  0.500000  0.250000  3.459979e-03      NaN
534  Temperature       0  inf  1.0   29  307.754454     1.675301     -17.984319  1.447754e+01  0.500000  0.250000  8.245326e-04      NaN
535  Temperature       0  inf  1.0   30  305.596780     0.890395  -53463.435797  1.055871e+05  0.500000  2.000000  4.966052e-03      NaN
536  Temperature       0  inf  1.0   31  305.691631   159.739095       6.478210 -3.495713e+03  3.832801  0.585036  3.163543e-04      NaN
537  Temperature       0  inf  1.0   32  305.864892    -8.888884       5.320528  3.023297e+01  0.500000  0.250000  6.023157e-03      NaN
538  Temperature       0  inf  1.0   33  305.656372     0.635148  -24604.021573  6.772289e+04  0.500000  2.000000  5.030190e-03      NaN
539  Temperature       0  inf  1.0   34  305.561671     1.939153   -3640.296351  7.637084e+03  0.729960  1.495937  1.086808e-03      NaN
540  Temperature       0  inf  1.0   35  305.255253    69.969478       3.120146 -2.470349e+02  3.181114  0.250007  5.047573e-04      NaN
541  Temperature       0  inf  1.0   36  305.660315   280.588389       0.809825 -1.047102e+03  3.581554  0.250018  8.195264e-04      NaN
542  Temperature       0  inf  1.0   37  305.582241   404.777744       1.628426 -1.865633e+03  3.999337  0.287364  9.100089e-04      NaN
543  Temperature       0  inf  1.0   38  305.747665    36.887782    2173.890702 -1.420761e+05  3.999887  1.503634  1.724768e-03      NaN
544  Temperature       0  inf  1.0   39  305.583739   -12.559052       3.238273  5.109686e+01  0.975235  0.250024  3.178123e-03      NaN
545  Temperature       0  inf  1.0   40  305.835342    55.260906   16575.827343 -2.390954e+06  4.000000  2.000000  2.553051e-03      NaN
546  Temperature       0  inf  1.0   41  305.163701    -5.815243       7.942059  1.751632e+01  0.500000  0.250000  3.904481e-03      NaN
547  Temperature       0  inf  1.0   42  305.922642     3.731830     -96.384110  8.666009e+01  0.500491  0.590120  1.086400e-03      NaN
548  Temperature       0  inf  1.0   43  305.586707     0.817962   -9361.090734  2.748628e+04  0.500000  2.000000  5.114286e-03      NaN
549  Temperature       0  inf  1.0   44  305.703640   -16.859363       1.063025  8.043769e+01  1.555352  0.250005  4.122175e-03      NaN
550  Temperature       0  inf  1.0   45  305.772304     0.342024  -12805.131800  1.119697e+05  0.772304  2.000000  3.585528e-03      NaN
551  Temperature       0  inf  1.0   46  305.784743     2.714822      -3.151837  7.203502e+00  1.485254  0.639859  7.803010e-04      NaN
552  Temperature       0  inf  1.0   47  305.777272   147.193229      73.190560 -4.813550e+04  3.999773  1.080601  2.209376e-04      NaN
553  Temperature       0  inf  1.0   48  305.720584   173.734440      20.065813 -1.178577e+04  3.999925  0.788903  4.386299e-05      NaN
554  Temperature       0  inf  1.0   49  306.364529   840.388438      -9.478765 -7.536379e+03  3.999997  0.410883  1.617011e-03      NaN
555  Temperature       0  inf  1.0   50  305.367618     1.727685 -123042.055249  2.104409e+05  0.500000  2.000000  1.838840e-03      NaN
556  Temperature       0  inf  1.0   51  304.581929   -12.423653       8.374928  4.648388e+01  1.085722  0.250114  3.925428e-03      NaN
557  Temperature       0  inf  1.0   52  305.645543    43.787089       0.876184 -1.641083e+02  2.552072  0.271161  5.403661e-05      NaN
558  Temperature       0  inf  1.0   53  305.062608     2.579121 -152134.611655  2.362973e+05  0.500000  2.000000  1.628190e-03      NaN
559  Temperature       0  inf  1.0   54  306.121466    -3.520474      -0.967132  1.732933e+01  0.500000  0.250000  1.949740e-03      NaN
560  Temperature       0  inf  1.0   55  306.563066  1162.775025      -4.468533 -4.508642e+03  3.787042  0.250246  4.138862e-03      NaN
561  Temperature       0  inf  1.0   56  306.169560   410.946247      -1.973943 -1.545226e+03  3.475598  0.250026  1.639485e-03      NaN
562  Temperature       0  inf  1.0   57  305.479168     1.628253   -2666.613344  4.334742e+03  0.500096  1.340055  1.555946e-03      NaN
563  Temperature       0  inf  1.0   58  305.893949    -0.106538  -22404.467787  7.042063e+04  0.502439  1.819732  4.539189e-03      NaN
564  Temperature       0  inf  1.0   59  305.411820     2.520397   -2053.033752  2.953074e+03  0.500010  1.174172  1.698544e-03      NaN
565  Temperature       0  inf  1.0   60  305.544328     1.327452  -29275.168097  6.682972e+04  0.593366  1.857303  1.878546e-03      NaN
566  Temperature       0  inf  1.0   61  305.563705    17.405711     337.335481 -1.010106e+04  3.998575  1.078946  2.201828e-03      NaN
567  Temperature       0  inf  1.0   62  305.183175    -2.025230       3.843374  9.358212e+00  0.500000  0.250000  8.994941e-04      NaN
568  Temperature       0  inf  1.0   63  309.184477   -11.835732     -16.070304  5.760477e+01  0.500000  0.250000  6.314331e-03      NaN
569  Temperature       0  inf  1.0   64  305.832145    83.063901    4259.035354 -2.798429e+06  4.000000  2.000000  3.204223e-03      NaN
570  Temperature       0  inf  1.0   65  305.802032   164.005719     481.693081 -7.275963e+05  3.999980  1.551508  5.602006e-04      NaN
571  Temperature       0  inf  1.0   66  306.152513   419.755966      -1.876049 -1.588005e+03  3.486118  0.250047  1.757476e-03      NaN
572  Temperature       0  inf  1.0   67  305.870545   232.093091    -239.860027 -2.388010e+05  3.999989  1.291505  7.670700e-04      NaN
573  Temperature       0  inf  1.0   68  304.244525  -459.659180       8.566901  1.825414e+03  4.000000  0.250000  8.973991e-04      NaN
574  Temperature       0  inf  1.0   69  305.521480     1.020836   -4952.079874  1.367233e+04  0.503322  1.654077  2.264283e-03      NaN
575  Temperature       0  inf  1.0   70  306.014058   484.402785     -22.119402 -1.744060e+04  4.000000  0.670833  1.584053e-03      NaN
576  Temperature       0  inf  1.0   71  305.779710   142.919638     116.569187 -7.894737e+04  3.999948  1.175443  3.148805e-04      NaN
577  Temperature       0  inf  1.0   72  305.608108   -19.342837       1.865659  8.537410e+01  1.625729  0.250209  1.573830e-03      NaN
578  Temperature       0  inf  1.0   73  307.131064    26.978232      -9.007686 -7.689104e+01  1.569721  0.250021  5.049604e-04      NaN
579  Temperature       0  inf  1.0   74  308.117043   -12.608098      -7.481038  5.289247e+01  0.500000  0.250000  6.130544e-03      NaN
580  Temperature       0  inf  1.0   75  304.604809  -237.599941       6.492771  9.364168e+02  4.000000  0.250000  3.285407e-03      NaN
581  Temperature       0  inf  1.0   76  305.482402   -76.932702       2.142908  3.547775e+02  3.110173  0.250014  2.458308e-03      NaN
582  Temperature       0  inf  1.0   77  304.590629    -2.689888       6.752959  1.117008e+01  1.288281  0.250023  1.405664e-03      NaN
583  Temperature       0  inf  1.0   78  307.942799     0.656825     -18.443204  1.821198e+01  0.500000  0.250000  9.468361e-04      NaN
584  Temperature       0  inf  1.0   79  306.011029     2.675670    -124.927825  1.415927e+02  0.500075  0.643825  1.805961e-03      NaN
585  Temperature       0  inf  1.0   80  304.704241   117.107116       5.916522 -4.294683e+02  4.000000  0.250000  1.318746e-03      NaN
586  Temperature       0  inf  1.0   81  308.959615   -10.374390     -16.047169  5.322694e+01  0.500000  0.250000  6.860428e-03      NaN
587  Temperature       0  inf  1.0   82  305.424237     1.427610  -72021.245426  1.362643e+05  0.500000  2.000000  1.545014e-03      NaN
588  Temperature       0  inf  1.0   83  305.772148   242.283597       5.921704 -1.091681e+04  3.999984  0.709153  1.284283e-04      NaN
589  Temperature       0  inf  1.0   84  305.720500   223.526365       0.383156 -8.322395e+02  3.303256  0.250027  8.766031e-04      NaN
590  Temperature       0  inf  1.0   85  305.702816    12.731683       1.436279 -7.744216e+01  2.201849  0.425609  5.112470e-04      NaN
591  Temperature       0  inf  1.0   86  305.800117    85.562873   24515.003064 -4.450780e+06  4.000000  2.000000  3.001506e-03      NaN
592  Temperature       0  inf  1.0   87  305.764600     8.274891    -351.823876 -2.766206e+04  2.030075  1.652635  2.149183e-04      NaN
593  Temperature       0  inf  1.0   88  305.860528   178.586576     -93.922615 -1.255592e+05  3.946895  1.226068  3.342298e-04      NaN
594  Temperature       0  inf  1.0   89  306.315141    10.264998      -3.426220 -2.310812e+01  1.572905  0.250724  1.882639e-03      NaN
595  Temperature       0  inf  1.0   90  308.028889    -9.744306      -9.629543  4.534903e+01  0.500000  0.250000  5.312309e-03      NaN
596  Temperature       0  inf  1.0   91  305.782134   142.868082     105.025299 -6.896326e+04  3.999984  1.149410  4.637916e-04      NaN
597  Temperature       0  inf  1.0   92  305.768117    51.345783    2008.779384 -2.196056e+05  3.999705  1.528399  2.357079e-03      NaN
598  Temperature       0  inf  1.0   93  308.107892   -10.111054      -9.383835  4.554408e+01  0.500000  0.250000  6.231056e-03      NaN
599  Temperature       0  inf  1.0   94  305.031243     2.771112  -37660.011292  5.612025e+04  0.500025  1.761644  1.382610e-03      NaN
600  Temperature       0  inf  1.0   95  305.313753     3.667149       2.686244 -5.905138e+00  1.934250  0.250000  1.572583e-03      NaN
601  Temperature       0  inf  1.0   96  304.729566     0.338646       5.092967  4.328364e-01  0.500000  0.250000  2.737533e-03      NaN
602  Temperature       0  inf  1.0   97  306.173384    -3.424454      -1.320015  1.709487e+01  0.500000  0.250000  1.610214e-03      NaN
603  Temperature       0  inf  1.0   98  305.764125     0.291723  -13516.901669  6.328019e+04  0.500000  2.000000  4.679354e-03      NaN
604  Temperature       0  inf  1.0   99  305.622513     0.931267 -107714.288832  2.063885e+05  0.500000  2.000000  4.876912e-03      NaN
605  Temperature       0  inf  1.0  100  306.669163    -5.555921      -3.050754  2.560682e+01  0.500000  0.250000  2.769811e-03      NaN