                 QOI parameter        exact         mean  lower bound  upper bound      boot sd bounded
0     Tavg_z0.001_t1     beta0          NaN 3.000012e+02 3.000012e+02 3.000012e+02 7.786655e-06     NaN
1     Tavg_z0.001_t1    gamma1 1.000000e+00 7.565208e-01 2.500000e-01 2.000000e+00 6.155808e-01    True
2     Tavg_z0.001_t5     beta0          NaN 3.000054e+02 3.000054e+02 3.000055e+02 2.449876e-05     NaN
3     Tavg_z0.001_t5    gamma1 1.000000e+00 9.735597e-01 2.500000e-01 2.000000e+00 7.839738e-01    True
4     Tavg_z0.001_t6     beta0          NaN 3.000064e+02 3.000063e+02 3.000065e+02 4.711921e-05     NaN
5     Tavg_z0.001_t6    gamma1 1.000000e+00 1.400751e+00 2.500000e-01 2.000000e+00 7.232357e-01    True
6    Tavg_z0.001_t12     beta0          NaN 3.000118e+02 3.000116e+02 3.000119e+02 6.946973e-05     NaN
7    Tavg_z0.001_t12    gamma1 1.000000e+00 1.222196e+00 2.500000e-01 2.000000e+00 7.491188e-01    True
8     Tavg_z0.006_t1     beta0          NaN 3.070365e+02 3.069600e+02 3.071576e+02 4.985464e-02     NaN
9     Tavg_z0.006_t1    gamma1 1.000000e+00 6.696365e-01 2.500000e-01 2.000000e+00 5.357772e-01    True
10    Tavg_z0.006_t5     beta0          NaN 3.332532e+02 3.329601e+02 3.336525e+02 1.490049e-01     NaN
11    Tavg_z0.006_t5    gamma1 1.000000e+00 6.568808e-01 2.500000e-01 2.000000e+00 5.574275e-01    True
12    Tavg_z0.006_t6     beta0          NaN 3.393780e+02 3.387640e+02 3.401342e+02 2.579156e-01     NaN
13    Tavg_z0.006_t6    gamma1 1.000000e+00 1.542299e+00 2.500000e-01 2.000000e+00 6.730638e-01    True
14   Tavg_z0.006_t12     beta0          NaN 3.724805e+02 3.719667e+02 3.735230e+02 3.493817e-01     NaN
15   Tavg_z0.006_t12    gamma1 1.000000e+00 1.492733e+00 2.500000e-01 2.000000e+00 6.774289e-01    True
16     Tavg_z0.03_t1     beta0          NaN 3.012574e+02 3.012446e+02 3.012821e+02 8.349063e-03     NaN
17     Tavg_z0.03_t1    gamma1 1.000000e+00 1.580276e+00 2.500000e-01 2.000000e+00 6.142687e-01    True
18     Tavg_z0.03_t5     beta0          NaN 3.061327e+02 3.059785e+02 3.062872e+02 6.176008e-02     NaN
19     Tavg_z0.03_t5    gamma1 1.000000e+00 1.514079e+00 2.500000e-01 2.000000e+00 6.827291e-01    True
20     Tavg_z0.03_t6     beta0          NaN 3.072731e+02 3.070333e+02 3.074902e+02 9.090381e-02     NaN
21     Tavg_z0.03_t6    gamma1 1.000000e+00 1.498378e+00 2.500000e-01 2.000000e+00 7.013871e-01    True
22    Tavg_z0.03_t12     beta0          NaN 3.134113e+02 3.129252e+02 3.137479e+02 1.718167e-01     NaN
23    Tavg_z0.03_t12    gamma1 1.000000e+00 1.497051e+00 2.500000e-01 2.000000e+00 6.878383e-01    True
24    Tavg_z0.045_t1     beta0          NaN 3.007753e+02 3.006846e+02 3.008412e+02 3.061335e-02     NaN
25    Tavg_z0.045_t1    gamma1 1.000000e+00 1.489231e+00 2.500000e-01 2.000000e+00 6.833533e-01    True
26    Tavg_z0.045_t5     beta0          NaN 3.038289e+02 3.034310e+02 3.040658e+02 1.367884e-01     NaN
27    Tavg_z0.045_t5    gamma1 1.000000e+00 1.453166e+00 2.500000e-01 2.000000e+00 7.066679e-01    True
28    Tavg_z0.045_t6     beta0          NaN 3.045663e+02 3.033178e+02 3.053128e+02 3.808401e-01     NaN
29    Tavg_z0.045_t6    gamma1 1.000000e+00 1.482363e+00 2.500000e-01 2.000000e+00 6.875846e-01    True
30   Tavg_z0.045_t12     beta0          NaN 3.084612e+02 3.068979e+02 3.095855e+02 5.045541e-01     NaN
31   Tavg_z0.045_t12    gamma1 1.000000e+00 1.413318e+00 2.500000e-01 2.000000e+00 7.231955e-01    True
32   Tavg_z0.0517_t1     beta0          NaN 3.006415e+02 3.005249e+02 3.007329e+02 4.223303e-02     NaN
33   Tavg_z0.0517_t1    gamma1 1.000000e+00 1.459363e+00 2.500000e-01 2.000000e+00 7.003657e-01    True
34   Tavg_z0.0517_t5     beta0          NaN 3.031780e+02 3.025098e+02 3.037046e+02 2.184195e-01     NaN
35   Tavg_z0.0517_t5    gamma1 1.000000e+00 1.444926e+00 2.500000e-01 2.000000e+00 7.134443e-01    True
36   Tavg_z0.0517_t6     beta0          NaN 3.038299e+02 3.023360e+02 3.049296e+02 4.661489e-01     NaN
37   Tavg_z0.0517_t6    gamma1 1.000000e+00 1.462642e+00 2.500000e-01 2.000000e+00 7.042498e-01    True
38  Tavg_z0.0517_t12     beta0          NaN 3.070017e+02 3.045197e+02 3.085556e+02 7.974399e-01     NaN
39  Tavg_z0.0517_t12    gamma1 1.000000e+00 1.474432e+00 2.500000e-01 2.000000e+00 7.015051e-01    True