/*--------------------------------*- C++ -*----------------------------------*\
  =========                 |
  \\      /  F ield         | OpenFOAM: The Open Source CFD Toolbox
   \\    /   O peration     | Website:  https://openfoam.org
    \\  /    A nd           | Version:  9
     \\/     M anipulation  |
\*---------------------------------------------------------------------------*/
FoamFile
{
    format      ascii;
    class       labelList;
    note        "nPoints:1155  nCells:658  nFaces:2441  nInternalFaces:1507";
    location    "constant/caseSolid/polyMesh";
    object      neighbour;
}
// * * * * * * * * * * * * * * * * * * * * * * * * * * * * * * * * * * * * * //


1507
(
1
26
47
27
28
48
3
4
34
49
4
33
50
21
51
6
7
28
52
8
27
53
8
29
54
30
55
10
35
38
56
36
37
57
12
13
14
58
13
42
59
15
60
15
40
61
39
62
17
18
19
63
18
20
64
41
65
20
31
66
32
67
22
68
23
69
24
70
25
71
26
72
73
28
74
75
30
32
76
31
77
32
78
79
34
35
80
36
81
36
82
83
38
40
84
39
85
40
86
87
43
88
44
89
46
90
45
91
46
92
93
48
73
94
74
75
95
50
51
81
96
51
80
97
68
98
53
54
75
99
55
74
100
55
76
101
77
102
57
82
85
103
83
84
104
59
60
61
105
60
89
106
62
107
62
87
108
86
109
64
65
66
110
65
67
111
88
112
67
78
113
79
114
69
115
70
116
71
117
72
118
73
119
120
75
121
122
77
79
123
78
124
79
125
126
81
82
127
83
128
83
129
130
85
87
131
86
132
87
133
134
90
135
91
136
93
137
92
138
93
139
140
95
120
141
121
122
142
97
98
128
143
98
127
144
115
145
100
101
122
146
102
121
147
102
123
148
124
149
104
129
132
150
130
131
151
106
107
108
152
107
136
153
109
154
109
134
155
133
156
111
112
113
157
112
114
158
135
159
114
125
160
126
161
116
162
117
163
118
164
119
165
120
166
167
122
168
169
124
126
170
125
171
126
172
173
128
129
174
130
175
130
176
177
132
134
178
133
179
134
180
181
137
182
138
183
140
184
139
185
140
186
187
142
167
188
168
169
189
144
145
175
190
145
174
191
162
192
147
148
169
193
149
168
194
149
170
195
171
196
151
176
179
197
177
178
198
153
154
155
199
154
183
200
156
201
156
181
202
180
203
158
159
160
204
159
161
205
182
206
161
172
207
173
208
163
209
164
210
165
211
166
212
167
213
214
169
215
216
171
173
217
172
218
173
219
220
175
176
221
177
222
177
223
224
179
181
225
180
226
181
227
228
184
229
185
230
187
231
186
232
187
233
234
189
214
235
215
216
236
191
192
222
237
192
221
238
209
239
194
195
216
240
196
215
241
196
217
242
218
243
198
223
226
244
224
225
245
200
201
202
246
201
230
247
203
248
203
228
249
227
250
205
206
207
251
206
208
252
229
253
208
219
254
220
255
210
256
211
257
212
258
213
259
214
260
261
216
262
263
218
220
264
219
265
220
266
267
222
223
268
224
269
224
270
271
226
228
272
227
273
228
274
275
231
276
232
277
234
278
233
279
234
280
281
236
261
282
262
263
283
238
239
269
284
239
268
285
256
286
241
242
263
287
243
262
288
243
264
289
265
290
245
270
273
291
271
272
292
247
248
249
293
248
277
294
250
295
250
275
296
274
297
252
253
254
298
253
255
299
276
300
255
266
301
267
302
257
303
258
304
259
305
260
306
261
307
308
263
309
310
265
267
311
266
312
267
313
314
269
270
315
271
316
271
317
318
273
275
319
274
320
275
321
322
278
323
279
324
281
325
280
326
281
327
328
283
308
329
309
310
330
285
286
316
331
286
315
332
303
333
288
289
310
334
290
309
335
290
311
336
312
337
292
317
320
338
318
319
339
294
295
296
340
295
324
341
297
342
297
322
343
321
344
299
300
301
345
300
302
346
323
347
302
313
348
314
349
304
350
305
351
306
352
307
353
308
354
355
310
356
357
312
314
358
313
359
314
360
361
316
317
362
318
363
318
364
365
320
322
366
321
367
322
368
369
325
370
326
371
328
372
327
373
328
374
375
330
355
376
356
357
377
332
333
363
378
333
362
379
350
380
335
336
357
381
337
356
382
337
358
383
359
384
339
364
367
385
365
366
386
341
342
343
387
342
371
388
344
389
344
369
390
368
391
346
347
348
392
347
349
393
370
394
349
360
395
361
396
351
397
352
398
353
399
354
400
355
401
402
357
403
404
359
361
405
360
406
361
407
408
363
364
409
365
410
365
411
412
367
369
413
368
414
369
415
416
372
417
373
418
375
419
374
420
375
421
422
377
402
423
403
404
424
379
380
410
425
380
409
426
397
427
382
383
404
428
384
403
429
384
405
430
406
431
386
411
414
432
412
413
433
388
389
390
434
389
418
435
391
436
391
416
437
415
438
393
394
395
439
394
396
440
417
441
396
407
442
408
443
398
444
399
445
400
446
401
447
402
448
449
404
450
451
406
408
452
407
453
408
454
455
410
411
456
412
457
412
458
459
414
416
460
415
461
416
462
463
419
464
420
465
422
466
421
467
422
468
469
424
449
470
450
451
471
426
427
457
472
427
456
473
444
474
429
430
451
475
431
450
476
431
452
477
453
478
433
458
461
479
459
460
480
435
436
437
481
436
465
482
438
483
438
463
484
462
485
440
441
442
486
441
443
487
464
488
443
454
489
455
490
445
491
446
492
447
493
448
494
449
495
496
451
497
498
453
455
499
454
500
455
501
502
457
458
503
459
504
459
505
506
461
463
507
462
508
463
509
510
466
511
467
512
469
513
468
514
469
515
516
471
496
517
497
498
518
473
474
504
519
474
503
520
491
521
476
477
498
522
478
497
523
478
499
524
500
525
480
505
508
526
506
507
527
482
483
484
528
483
512
529
485
530
485
510
531
509
532
487
488
489
533
488
490
534
511
535
490
501
536
502
537
492
538
493
539
494
540
495
541
496
542
543
498
544
545
500
502
546
501
547
502
548
549
504
505
550
506
551
506
552
553
508
510
554
509
555
510
556
557
513
558
514
559
516
560
515
561
516
562
563
518
543
564
544
545
565
520
521
551
566
521
550
567
538
568
523
524
545
569
525
544
570
525
546
571
547
572
527
552
555
573
553
554
574
529
530
531
575
530
559
576
532
577
532
557
578
556
579
534
535
536
580
535
537
581
558
582
537
548
583
549
584
539
585
540
586
541
587
542
588
543
589
590
545
591
592
547
549
593
548
594
549
595
596
551
552
597
553
598
553
599
600
555
557
601
556
602
557
603
604
560
605
561
606
563
607
562
608
563
609
610
565
590
611
591
592
612
567
568
598
613
568
597
614
585
615
570
571
592
616
572
591
617
572
593
618
594
619
574
599
602
620
600
601
621
576
577
578
622
577
606
623
579
624
579
604
625
603
626
581
582
583
627
582
584
628
605
629
584
595
630
596
631
586
632
587
633
588
634
589
635
590
636
637
592
638
639
594
596
640
595
641
596
642
643
598
599
644
600
645
600
646
647
602
604
648
603
649
604
650
651
607
652
608
653
610
654
609
655
610
656
657
612
637
638
639
614
615
645
615
644
632
617
618
639
619
638
619
640
641
621
646
649
647
648
623
624
625
624
653
626
626
651
650
628
629
630
629
631
652
631
642
643
633
634
635
636
637
639
641
643
642
643
645
646
647
647
649
651
650
651
654
655
657
656
657
)


// ************************************************************************* //
