/*--------------------------------*- C++ -*----------------------------------*\
  =========                 |
  \\      /  F ield         | OpenFOAM: The Open Source CFD Toolbox
   \\    /   O peration     | Website:  https://openfoam.org
    \\  /    A nd           | Version:  9
     \\/     M anipulation  |
\*---------------------------------------------------------------------------*/
FoamFile
{
    format      ascii;
    class       vectorField;
    location    "constant/caseSolid/polyMesh";
    object      points;
}
// * * * * * * * * * * * * * * * * * * * * * * * * * * * * * * * * * * * * * //


1155
(
(0.00221309 0.000505123 0.002021)
(0.00227 0 0.002021)
(0.0020452 0.000984916 0.002021)
(0.00177476 0.00141532 0.002021)
(0.00141532 0.00177476 0.002021)
(0.000984916 0.0020452 0.002021)
(0.000505123 0.00221309 0.002021)
(1.38997e-19 0.00227 0.002021)
(-0.000505123 0.00221309 0.002021)
(-0.000984916 0.0020452 0.002021)
(-0.00141532 0.00177476 0.002021)
(-0.00177476 0.00141532 0.002021)
(-0.0020452 0.000984916 0.002021)
(-0.00221309 0.000505123 0.002021)
(-0.00227 -2.77995e-19 0.002021)
(-0.00221309 -0.000505123 0.002021)
(-0.0020452 -0.000984916 0.002021)
(-0.00177476 -0.00141532 0.002021)
(-0.00141532 -0.00177476 0.002021)
(-0.000984916 -0.0020452 0.002021)
(-0.000505123 -0.00221309 0.002021)
(1.38997e-19 -0.00227 0.002021)
(0.000505123 -0.00221309 0.002021)
(0.000984916 -0.0020452 0.002021)
(0.00141532 -0.00177476 0.002021)
(0.00177476 -0.00141532 0.002021)
(0.0020452 -0.000984916 0.002021)
(0.00221309 -0.000505123 0.002021)
(0.00221309 0.000505123 0.00253529)
(0.00227 -2.01617e-18 0.00253529)
(0.0020452 0.000984916 0.00253529)
(0.00177476 0.00141532 0.00253529)
(0.00141532 0.00177476 0.00253529)
(0.000984916 0.0020452 0.00253529)
(0.000505123 0.00221309 0.00253529)
(-3.89333e-18 0.00227 0.00253529)
(-0.000505123 0.00221309 0.00253529)
(-0.000984916 0.0020452 0.00253529)
(-0.00141532 0.00177476 0.00253529)
(-0.00177476 0.00141532 0.00253529)
(-0.0020452 0.000984916 0.00253529)
(-0.00221309 0.000505123 0.00253529)
(-0.00227 -4.93038e-35 0.00253529)
(-0.00221309 -0.000505123 0.00253529)
(-0.0020452 -0.000984916 0.00253529)
(-0.00177476 -0.00141532 0.00253529)
(-0.00141532 -0.00177476 0.00253529)
(-0.000984916 -0.0020452 0.00253529)
(-0.000505123 -0.00221309 0.00253529)
(-3.89333e-18 -0.00227 0.00253529)
(0.000505123 -0.00221309 0.00253529)
(0.000984916 -0.0020452 0.00253529)
(0.00141532 -0.00177476 0.00253529)
(0.00177476 -0.00141532 0.00253529)
(0.0020452 -0.000984916 0.00253529)
(0.00221309 -0.000505123 0.00253529)
(0.00221309 0.000505123 0.00304957)
(0.00227 0 0.00304957)
(0.0020452 0.000984916 0.00304957)
(0.00177476 0.00141532 0.00304957)
(0.00141532 0.00177476 0.00304957)
(0.000984916 0.0020452 0.00304957)
(0.000505123 0.00221309 0.00304957)
(-3.89333e-18 0.00227 0.00304957)
(-0.000505123 0.00221309 0.00304957)
(-0.000984916 0.0020452 0.00304957)
(-0.00141532 0.00177476 0.00304957)
(-0.00177476 0.00141532 0.00304957)
(-0.0020452 0.000984916 0.00304957)
(-0.00221309 0.000505123 0.00304957)
(-0.00227 -4.93038e-35 0.00304957)
(-0.00221309 -0.000505123 0.00304957)
(-0.0020452 -0.000984916 0.00304957)
(-0.00177476 -0.00141532 0.00304957)
(-0.00141532 -0.00177476 0.00304957)
(-0.000984916 -0.0020452 0.00304957)
(-0.000505123 -0.00221309 0.00304957)
(-1.87717e-18 -0.00227 0.00304957)
(0.000505123 -0.00221309 0.00304957)
(0.000984916 -0.0020452 0.00304957)
(0.00141532 -0.00177476 0.00304957)
(0.00177476 -0.00141532 0.00304957)
(0.0020452 -0.000984916 0.00304957)
(0.00221309 -0.000505123 0.00304957)
(0.00221309 0.000505123 0.00356386)
(0.00227 0 0.00356386)
(0.0020452 0.000984916 0.00356386)
(0.00177476 0.00141532 0.00356386)
(0.00141532 0.00177476 0.00356386)
(0.000984916 0.0020452 0.00356386)
(0.000505123 0.00221309 0.00356386)
(4.17133e-18 0.00227 0.00356386)
(-0.000505123 0.00221309 0.00356386)
(-0.000984916 0.0020452 0.00356386)
(-0.00141532 0.00177476 0.00356386)
(-0.00177476 0.00141532 0.00356386)
(-0.0020452 0.000984916 0.00356386)
(-0.00221309 0.000505123 0.00356386)
(-0.00227 -4.93038e-35 0.00356386)
(-0.00221309 -0.000505123 0.00356386)
(-0.0020452 -0.000984916 0.00356386)
(-0.00177476 -0.00141532 0.00356386)
(-0.00141532 -0.00177476 0.00356386)
(-0.000984916 -0.0020452 0.00356386)
(-0.000505123 -0.00221309 0.00356386)
(2.15516e-18 -0.00227 0.00356386)
(0.000505123 -0.00221309 0.00356386)
(0.000984916 -0.0020452 0.00356386)
(0.00141532 -0.00177476 0.00356386)
(0.00177476 -0.00141532 0.00356386)
(0.0020452 -0.000984916 0.00356386)
(0.00221309 -0.000505123 0.00356386)
(0.00221309 0.000505123 0.00407814)
(0.00227 0 0.00407814)
(0.0020452 0.000984916 0.00407814)
(0.00177476 0.00141532 0.00407814)
(0.00141532 0.00177476 0.00407814)
(0.000984916 0.0020452 0.00407814)
(0.000505123 0.00221309 0.00407814)
(2.15516e-18 0.00227 0.00407814)
(-0.000505123 0.00221309 0.00407814)
(-0.000984916 0.0020452 0.00407814)
(-0.00141532 0.00177476 0.00407814)
(-0.00177476 0.00141532 0.00407814)
(-0.0020452 0.000984916 0.00407814)
(-0.00221309 0.000505123 0.00407814)
(-0.00227 -4.93038e-35 0.00407814)
(-0.00221309 -0.000505123 0.00407814)
(-0.0020452 -0.000984916 0.00407814)
(-0.00177476 -0.00141532 0.00407814)
(-0.00141532 -0.00177476 0.00407814)
(-0.000984916 -0.0020452 0.00407814)
(-0.000505123 -0.00221309 0.00407814)
(-1.87717e-18 -0.00227 0.00407814)
(0.000505123 -0.00221309 0.00407814)
(0.000984916 -0.0020452 0.00407814)
(0.00141532 -0.00177476 0.00407814)
(0.00177476 -0.00141532 0.00407814)
(0.0020452 -0.000984916 0.00407814)
(0.00221309 -0.000505123 0.00407814)
(0.00221309 0.000505123 0.00459243)
(0.00227 4.03233e-18 0.00459243)
(0.0020452 0.000984916 0.00459243)
(0.00177476 0.00141532 0.00459243)
(0.00141532 0.00177476 0.00459243)
(0.000984916 0.0020452 0.00459243)
(0.000505123 0.00221309 0.00459243)
(1.38997e-19 0.00227 0.00459243)
(-0.000505123 0.00221309 0.00459243)
(-0.000984916 0.0020452 0.00459243)
(-0.00141532 0.00177476 0.00459243)
(-0.00177476 0.00141532 0.00459243)
(-0.0020452 0.000984916 0.00459243)
(-0.00221309 0.000505123 0.00459243)
(-0.00227 -4.93038e-35 0.00459243)
(-0.00221309 -0.000505123 0.00459243)
(-0.0020452 -0.000984916 0.00459243)
(-0.00177476 -0.00141532 0.00459243)
(-0.00141532 -0.00177476 0.00459243)
(-0.000984916 -0.0020452 0.00459243)
(-0.000505123 -0.00221309 0.00459243)
(-1.87717e-18 -0.00227 0.00459243)
(0.000505123 -0.00221309 0.00459243)
(0.000984916 -0.0020452 0.00459243)
(0.00141532 -0.00177476 0.00459243)
(0.00177476 -0.00141532 0.00459243)
(0.0020452 -0.000984916 0.00459243)
(0.00221309 -0.000505123 0.00459243)
(0.00221309 0.000505123 0.00510671)
(0.00227 0 0.00510671)
(0.0020452 0.000984916 0.00510671)
(0.00177476 0.00141532 0.00510671)
(0.00141532 0.00177476 0.00510671)
(0.000984916 0.0020452 0.00510671)
(0.000505123 0.00221309 0.00510671)
(2.15516e-18 0.00227 0.00510671)
(-0.000505123 0.00221309 0.00510671)
(-0.000984916 0.0020452 0.00510671)
(-0.00141532 0.00177476 0.00510671)
(-0.00177476 0.00141532 0.00510671)
(-0.0020452 0.000984916 0.00510671)
(-0.00221309 0.000505123 0.00510671)
(-0.00227 -4.93038e-35 0.00510671)
(-0.00221309 -0.000505123 0.00510671)
(-0.0020452 -0.000984916 0.00510671)
(-0.00177476 -0.00141532 0.00510671)
(-0.00141532 -0.00177476 0.00510671)
(-0.000984916 -0.0020452 0.00510671)
(-0.000505123 -0.00221309 0.00510671)
(-3.89333e-18 -0.00227 0.00510671)
(0.000505123 -0.00221309 0.00510671)
(0.000984916 -0.0020452 0.00510671)
(0.00141532 -0.00177476 0.00510671)
(0.00177476 -0.00141532 0.00510671)
(0.0020452 -0.000984916 0.00510671)
(0.00221309 -0.000505123 0.00510671)
(0.00221309 0.000505123 0.005621)
(0.00227 2.01617e-18 0.005621)
(0.0020452 0.000984916 0.005621)
(0.00177476 0.00141532 0.005621)
(0.00141532 0.00177476 0.005621)
(0.000984916 0.0020452 0.005621)
(0.000505123 0.00221309 0.005621)
(4.17133e-18 0.00227 0.005621)
(-0.000505123 0.00221309 0.005621)
(-0.000984916 0.0020452 0.005621)
(-0.00141532 0.00177476 0.005621)
(-0.00177476 0.00141532 0.005621)
(-0.0020452 0.000984916 0.005621)
(-0.00221309 0.000505123 0.005621)
(-0.00227 -4.93038e-35 0.005621)
(-0.00221309 -0.000505123 0.005621)
(-0.0020452 -0.000984916 0.005621)
(-0.00177476 -0.00141532 0.005621)
(-0.00141532 -0.00177476 0.005621)
(-0.000984916 -0.0020452 0.005621)
(-0.000505123 -0.00221309 0.005621)
(1.38997e-19 -0.00227 0.005621)
(0.000505123 -0.00221309 0.005621)
(0.000984916 -0.0020452 0.005621)
(0.00141532 -0.00177476 0.005621)
(0.00177476 -0.00141532 0.005621)
(0.0020452 -0.000984916 0.005621)
(0.00221309 -0.000505123 0.005621)
(0.00221309 0.000505123 0.00613529)
(0.00227 0 0.00613529)
(0.0020452 0.000984916 0.00613529)
(0.00177476 0.00141532 0.00613529)
(0.00141532 0.00177476 0.00613529)
(0.000984916 0.0020452 0.00613529)
(0.000505123 0.00221309 0.00613529)
(1.38997e-19 0.00227 0.00613529)
(-0.000505123 0.00221309 0.00613529)
(-0.000984916 0.0020452 0.00613529)
(-0.00141532 0.00177476 0.00613529)
(-0.00177476 0.00141532 0.00613529)
(-0.0020452 0.000984916 0.00613529)
(-0.00221309 0.000505123 0.00613529)
(-0.00227 -4.93038e-35 0.00613529)
(-0.00221309 -0.000505123 0.00613529)
(-0.0020452 -0.000984916 0.00613529)
(-0.00177476 -0.00141532 0.00613529)
(-0.00141532 -0.00177476 0.00613529)
(-0.000984916 -0.0020452 0.00613529)
(-0.000505123 -0.00221309 0.00613529)
(4.17133e-18 -0.00227 0.00613529)
(0.000505123 -0.00221309 0.00613529)
(0.000984916 -0.0020452 0.00613529)
(0.00141532 -0.00177476 0.00613529)
(0.00177476 -0.00141532 0.00613529)
(0.0020452 -0.000984916 0.00613529)
(0.00221309 -0.000505123 0.00613529)
(0.00221309 0.000505123 0.00664957)
(0.00227 0 0.00664957)
(0.0020452 0.000984916 0.00664957)
(0.00177476 0.00141532 0.00664957)
(0.00141532 0.00177476 0.00664957)
(0.000984916 0.0020452 0.00664957)
(0.000505123 0.00221309 0.00664957)
(1.38997e-19 0.00227 0.00664957)
(-0.000505123 0.00221309 0.00664957)
(-0.000984916 0.0020452 0.00664957)
(-0.00141532 0.00177476 0.00664957)
(-0.00177476 0.00141532 0.00664957)
(-0.0020452 0.000984916 0.00664957)
(-0.00221309 0.000505123 0.00664957)
(-0.00227 -4.93038e-35 0.00664957)
(-0.00221309 -0.000505123 0.00664957)
(-0.0020452 -0.000984916 0.00664957)
(-0.00177476 -0.00141532 0.00664957)
(-0.00141532 -0.00177476 0.00664957)
(-0.000984916 -0.0020452 0.00664957)
(-0.000505123 -0.00221309 0.00664957)
(-3.89333e-18 -0.00227 0.00664957)
(0.000505123 -0.00221309 0.00664957)
(0.000984916 -0.0020452 0.00664957)
(0.00141532 -0.00177476 0.00664957)
(0.00177476 -0.00141532 0.00664957)
(0.0020452 -0.000984916 0.00664957)
(0.00221309 -0.000505123 0.00664957)
(0.00221309 0.000505123 0.00716386)
(0.00227 0 0.00716386)
(0.0020452 0.000984916 0.00716386)
(0.00177476 0.00141532 0.00716386)
(0.00141532 0.00177476 0.00716386)
(0.000984916 0.0020452 0.00716386)
(0.000505123 0.00221309 0.00716386)
(1.38997e-19 0.00227 0.00716386)
(-0.000505123 0.00221309 0.00716386)
(-0.000984916 0.0020452 0.00716386)
(-0.00141532 0.00177476 0.00716386)
(-0.00177476 0.00141532 0.00716386)
(-0.0020452 0.000984916 0.00716386)
(-0.00221309 0.000505123 0.00716386)
(-0.00227 -4.93038e-35 0.00716386)
(-0.00221309 -0.000505123 0.00716386)
(-0.0020452 -0.000984916 0.00716386)
(-0.00177476 -0.00141532 0.00716386)
(-0.00141532 -0.00177476 0.00716386)
(-0.000984916 -0.0020452 0.00716386)
(-0.000505123 -0.00221309 0.00716386)
(-3.89333e-18 -0.00227 0.00716386)
(0.000505123 -0.00221309 0.00716386)
(0.000984916 -0.0020452 0.00716386)
(0.00141532 -0.00177476 0.00716386)
(0.00177476 -0.00141532 0.00716386)
(0.0020452 -0.000984916 0.00716386)
(0.00221309 -0.000505123 0.00716386)
(0.00221309 0.000505123 0.00767814)
(0.00227 2.01617e-18 0.00767814)
(0.0020452 0.000984916 0.00767814)
(0.00177476 0.00141532 0.00767814)
(0.00141532 0.00177476 0.00767814)
(0.000984916 0.0020452 0.00767814)
(0.000505123 0.00221309 0.00767814)
(4.17133e-18 0.00227 0.00767814)
(-0.000505123 0.00221309 0.00767814)
(-0.000984916 0.0020452 0.00767814)
(-0.00141532 0.00177476 0.00767814)
(-0.00177476 0.00141532 0.00767814)
(-0.0020452 0.000984916 0.00767814)
(-0.00221309 0.000505123 0.00767814)
(-0.00227 -4.93038e-35 0.00767814)
(-0.00221309 -0.000505123 0.00767814)
(-0.0020452 -0.000984916 0.00767814)
(-0.00177476 -0.00141532 0.00767814)
(-0.00141532 -0.00177476 0.00767814)
(-0.000984916 -0.0020452 0.00767814)
(-0.000505123 -0.00221309 0.00767814)
(4.17133e-18 -0.00227 0.00767814)
(0.000505123 -0.00221309 0.00767814)
(0.000984916 -0.0020452 0.00767814)
(0.00141532 -0.00177476 0.00767814)
(0.00177476 -0.00141532 0.00767814)
(0.0020452 -0.000984916 0.00767814)
(0.00221309 -0.000505123 0.00767814)
(0.00221309 0.000505123 0.00819243)
(0.00227 0 0.00819243)
(0.0020452 0.000984916 0.00819243)
(0.00177476 0.00141532 0.00819243)
(0.00141532 0.00177476 0.00819243)
(0.000984916 0.0020452 0.00819243)
(0.000505123 0.00221309 0.00819243)
(1.38997e-19 0.00227 0.00819243)
(-0.000505123 0.00221309 0.00819243)
(-0.000984916 0.0020452 0.00819243)
(-0.00141532 0.00177476 0.00819243)
(-0.00177476 0.00141532 0.00819243)
(-0.0020452 0.000984916 0.00819243)
(-0.00221309 0.000505123 0.00819243)
(-0.00227 -4.93038e-35 0.00819243)
(-0.00221309 -0.000505123 0.00819243)
(-0.0020452 -0.000984916 0.00819243)
(-0.00177476 -0.00141532 0.00819243)
(-0.00141532 -0.00177476 0.00819243)
(-0.000984916 -0.0020452 0.00819243)
(-0.000505123 -0.00221309 0.00819243)
(-3.89333e-18 -0.00227 0.00819243)
(0.000505123 -0.00221309 0.00819243)
(0.000984916 -0.0020452 0.00819243)
(0.00141532 -0.00177476 0.00819243)
(0.00177476 -0.00141532 0.00819243)
(0.0020452 -0.000984916 0.00819243)
(0.00221309 -0.000505123 0.00819243)
(0.00221309 0.000505123 0.00870671)
(0.00227 -2.01617e-18 0.00870671)
(0.0020452 0.000984916 0.00870671)
(0.00177476 0.00141532 0.00870671)
(0.00141532 0.00177476 0.00870671)
(0.000984916 0.0020452 0.00870671)
(0.000505123 0.00221309 0.00870671)
(-3.89333e-18 0.00227 0.00870671)
(-0.000505123 0.00221309 0.00870671)
(-0.000984916 0.0020452 0.00870671)
(-0.00141532 0.00177476 0.00870671)
(-0.00177476 0.00141532 0.00870671)
(-0.0020452 0.000984916 0.00870671)
(-0.00221309 0.000505123 0.00870671)
(-0.00227 -4.93038e-35 0.00870671)
(-0.00221309 -0.000505123 0.00870671)
(-0.0020452 -0.000984916 0.00870671)
(-0.00177476 -0.00141532 0.00870671)
(-0.00141532 -0.00177476 0.00870671)
(-0.000984916 -0.0020452 0.00870671)
(-0.000505123 -0.00221309 0.00870671)
(-3.89333e-18 -0.00227 0.00870671)
(0.000505123 -0.00221309 0.00870671)
(0.000984916 -0.0020452 0.00870671)
(0.00141532 -0.00177476 0.00870671)
(0.00177476 -0.00141532 0.00870671)
(0.0020452 -0.000984916 0.00870671)
(0.00221309 -0.000505123 0.00870671)
(0.00221309 0.000505123 0.009221)
(0.00227 0 0.009221)
(0.0020452 0.000984916 0.009221)
(0.00177476 0.00141532 0.009221)
(0.00141532 0.00177476 0.009221)
(0.000984916 0.0020452 0.009221)
(0.000505123 0.00221309 0.009221)
(1.38997e-19 0.00227 0.009221)
(-0.000505123 0.00221309 0.009221)
(-0.000984916 0.0020452 0.009221)
(-0.00141532 0.00177476 0.009221)
(-0.00177476 0.00141532 0.009221)
(-0.0020452 0.000984916 0.009221)
(-0.00221309 0.000505123 0.009221)
(-0.00227 2.77995e-19 0.009221)
(-0.00221309 -0.000505123 0.009221)
(-0.0020452 -0.000984916 0.009221)
(-0.00177476 -0.00141532 0.009221)
(-0.00141532 -0.00177476 0.009221)
(-0.000984916 -0.0020452 0.009221)
(-0.000505123 -0.00221309 0.009221)
(1.38997e-19 -0.00227 0.009221)
(0.000505123 -0.00221309 0.009221)
(0.000984916 -0.0020452 0.009221)
(0.00141532 -0.00177476 0.009221)
(0.00177476 -0.00141532 0.009221)
(0.0020452 -0.000984916 0.009221)
(0.00221309 -0.000505123 0.009221)
(-0.00181726 -0.00181726 0.00253529)
(-0.00213688 -0.00142782 0.00253529)
(-0.00181726 -0.00181726 0.002021)
(-0.00213688 -0.00142782 0.002021)
(-0.00127157 -0.00204071 0.00253529)
(-0.00142782 -0.00213688 0.00253529)
(-0.00127157 -0.00204071 0.002021)
(-0.00142782 -0.00213688 0.002021)
(-0.00166666 0.00173139 0.00253529)
(-0.00140797 0.00196159 0.00253529)
(-0.00166666 0.00173139 0.002021)
(-0.00140797 0.00196159 0.002021)
(-0.00181726 0.00181726 0.00253529)
(-0.00142782 0.00213688 0.00253529)
(-0.00181726 0.00181726 0.002021)
(-0.00142782 0.00213688 0.002021)
(-0.00213688 0.00142782 0.00253529)
(-0.00213688 0.00142782 0.002021)
(-0.000501641 -0.00236256 0.00253529)
(-0.000501382 -0.00252062 0.00253529)
(-0.000983496 -0.00237437 0.00253529)
(-0.000971604 -0.0022105 0.00253529)
(-0.000501641 -0.00236256 0.002021)
(-0.000501382 -0.00252062 0.002021)
(-0.000983496 -0.00237437 0.002021)
(-0.000971604 -0.0022105 0.002021)
(1.05534e-07 -0.00241524 0.00253529)
(1.57367e-19 -0.00257 0.00253529)
(1.05534e-07 -0.00241524 0.002021)
(7.28022e-19 -0.00257 0.002021)
(5.66924e-08 0.00241524 0.00253529)
(-0.000501934 0.00236249 0.00253529)
(-0.000501382 0.00252062 0.00253529)
(-2.12525e-18 0.00257 0.00253529)
(5.66924e-08 0.00241524 0.002021)
(-0.000501934 0.00236249 0.002021)
(-0.000501382 0.00252062 0.002021)
(-4.72101e-19 0.00257 0.002021)
(0.0016667 0.00173137 0.00253529)
(0.00140807 0.00196153 0.00253529)
(0.0016667 0.00173137 0.002021)
(0.00140807 0.00196153 0.002021)
(0.00181726 0.00181726 0.00253529)
(0.00213688 0.00142782 0.00253529)
(0.00181726 0.00181726 0.002021)
(0.00213688 0.00142782 0.002021)
(0.00142782 0.00213688 0.00253529)
(0.00142782 0.00213688 0.002021)
(0.000981504 0.0022066 0.00253529)
(0.000981504 0.0022066 0.002021)
(0.000983496 0.00237437 0.00253529)
(0.000983496 0.00237437 0.002021)
(0.00166669 -0.00173138 0.00253529)
(0.00140805 -0.00196154 0.00253529)
(0.00166669 -0.00173138 0.002021)
(0.00140805 -0.00196154 0.002021)
(0.00181726 -0.00181726 0.00253529)
(0.00142782 -0.00213688 0.00253529)
(0.00181726 -0.00181726 0.002021)
(0.00142782 -0.00213688 0.002021)
(0.00213688 -0.00142782 0.00253529)
(0.00213688 -0.00142782 0.002021)
(0.000981565 -0.00220658 0.00253529)
(0.000981565 -0.00220658 0.002021)
(0.000983496 -0.00237437 0.00253529)
(0.000983496 -0.00237437 0.002021)
(-0.00237437 0.000983496 0.00253529)
(-0.00237437 0.000983496 0.002021)
(-0.00252062 0.000501382 0.00253529)
(-0.00252062 0.000501382 0.002021)
(-0.00257 -3.14734e-19 0.00253529)
(-0.00257 -1.45604e-18 0.002021)
(-0.00252062 -0.000501382 0.00253529)
(-0.00252062 -0.000501382 0.002021)
(-0.00237437 -0.000983496 0.00253529)
(-0.00237437 -0.000983496 0.002021)
(0.000502266 -0.00236242 0.00253529)
(0.000501382 -0.00252062 0.00253529)
(0.000502266 -0.00236242 0.002021)
(0.000501382 -0.00252062 0.002021)
(-0.000983496 0.00237437 0.00253529)
(-0.000981349 0.00220674 0.00253529)
(-0.000983496 0.00237437 0.002021)
(-0.000981349 0.00220674 0.002021)
(0.000502127 0.00236246 0.00253529)
(0.000502127 0.00236246 0.002021)
(0.000501382 0.00252062 0.00253529)
(0.000501382 0.00252062 0.002021)
(0.00237437 -0.000983496 0.00253529)
(0.00237437 -0.000983496 0.002021)
(0.00237437 0.000983496 0.00253529)
(0.00237437 0.000983496 0.002021)
(0.00252062 -0.000501382 0.00253529)
(0.00252062 -0.000501382 0.002021)
(0.00252062 0.000501382 0.00253529)
(0.00252062 0.000501382 0.002021)
(0.00257 0 0.00253529)
(0.00257 0 0.002021)
(-0.00181726 -0.00181726 0.00304957)
(-0.00213688 -0.00142782 0.00304957)
(-0.00127157 -0.00204071 0.00304957)
(-0.00142782 -0.00213688 0.00304957)
(-0.00166666 0.00173139 0.00304957)
(-0.00140797 0.00196159 0.00304957)
(-0.00181726 0.00181726 0.00304957)
(-0.00142782 0.00213688 0.00304957)
(-0.00213688 0.00142782 0.00304957)
(-0.000501641 -0.00236256 0.00304957)
(-0.000501382 -0.00252062 0.00304957)
(-0.000983496 -0.00237437 0.00304957)
(-0.000971604 -0.0022105 0.00304957)
(1.05534e-07 -0.00241524 0.00304957)
(1.57367e-19 -0.00257 0.00304957)
(5.66924e-08 0.00241524 0.00304957)
(-0.000501934 0.00236249 0.00304957)
(-0.000501382 0.00252062 0.00304957)
(-2.12525e-18 0.00257 0.00304957)
(0.0016667 0.00173137 0.00304957)
(0.00140807 0.00196153 0.00304957)
(0.00181726 0.00181726 0.00304957)
(0.00213688 0.00142782 0.00304957)
(0.00142782 0.00213688 0.00304957)
(0.000981504 0.0022066 0.00304957)
(0.000983496 0.00237437 0.00304957)
(0.00166669 -0.00173138 0.00304957)
(0.00140805 -0.00196154 0.00304957)
(0.00181726 -0.00181726 0.00304957)
(0.00142782 -0.00213688 0.00304957)
(0.00213688 -0.00142782 0.00304957)
(0.000981565 -0.00220658 0.00304957)
(0.000983496 -0.00237437 0.00304957)
(-0.00237437 0.000983496 0.00304957)
(-0.00252062 0.000501382 0.00304957)
(-0.00257 -3.14734e-19 0.00304957)
(-0.00252062 -0.000501382 0.00304957)
(-0.00237437 -0.000983496 0.00304957)
(0.000502266 -0.00236242 0.00304957)
(0.000501382 -0.00252062 0.00304957)
(-0.000983496 0.00237437 0.00304957)
(-0.000981349 0.00220674 0.00304957)
(0.000502127 0.00236246 0.00304957)
(0.000501382 0.00252062 0.00304957)
(0.00237437 -0.000983496 0.00304957)
(0.00237437 0.000983496 0.00304957)
(0.00252062 -0.000501382 0.00304957)
(0.00252062 0.000501382 0.00304957)
(0.00257 0 0.00304957)
(-0.00181726 -0.00181726 0.00356386)
(-0.00213688 -0.00142782 0.00356386)
(-0.00127157 -0.00204071 0.00356386)
(-0.00142782 -0.00213688 0.00356386)
(-0.00166666 0.00173139 0.00356386)
(-0.00140797 0.00196159 0.00356386)
(-0.00181726 0.00181726 0.00356386)
(-0.00142782 0.00213688 0.00356386)
(-0.00213688 0.00142782 0.00356386)
(-0.000501641 -0.00236256 0.00356386)
(-0.000501382 -0.00252062 0.00356386)
(-0.000983496 -0.00237437 0.00356386)
(-0.000971604 -0.0022105 0.00356386)
(1.05534e-07 -0.00241524 0.00356386)
(1.57367e-19 -0.00257 0.00356386)
(5.66924e-08 0.00241524 0.00356386)
(-0.000501934 0.00236249 0.00356386)
(-0.000501382 0.00252062 0.00356386)
(-6.69049e-18 0.00257 0.00356386)
(0.0016667 0.00173137 0.00356386)
(0.00140807 0.00196153 0.00356386)
(0.00181726 0.00181726 0.00356386)
(0.00213688 0.00142782 0.00356386)
(0.00142782 0.00213688 0.00356386)
(0.000981504 0.0022066 0.00356386)
(0.000983496 0.00237437 0.00356386)
(0.00166669 -0.00173138 0.00356386)
(0.00140805 -0.00196154 0.00356386)
(0.00181726 -0.00181726 0.00356386)
(0.00142782 -0.00213688 0.00356386)
(0.00213688 -0.00142782 0.00356386)
(0.000981565 -0.00220658 0.00356386)
(0.000983496 -0.00237437 0.00356386)
(-0.00237437 0.000983496 0.00356386)
(-0.00252062 0.000501382 0.00356386)
(-0.00257 -3.14734e-19 0.00356386)
(-0.00252062 -0.000501382 0.00356386)
(-0.00237437 -0.000983496 0.00356386)
(0.000502266 -0.00236242 0.00356386)
(0.000501382 -0.00252062 0.00356386)
(-0.000983496 0.00237437 0.00356386)
(-0.000981349 0.00220674 0.00356386)
(0.000502127 0.00236246 0.00356386)
(0.000501382 0.00252062 0.00356386)
(0.00237437 -0.000983496 0.00356386)
(0.00237437 0.000983496 0.00356386)
(0.00252062 -0.000501382 0.00356386)
(0.00252062 0.000501382 0.00356386)
(0.00257 0 0.00356386)
(-0.00181726 -0.00181726 0.00407814)
(-0.00213688 -0.00142782 0.00407814)
(-0.00127157 -0.00204071 0.00407814)
(-0.00142782 -0.00213688 0.00407814)
(-0.00166666 0.00173139 0.00407814)
(-0.00140797 0.00196159 0.00407814)
(-0.00181726 0.00181726 0.00407814)
(-0.00142782 0.00213688 0.00407814)
(-0.00213688 0.00142782 0.00407814)
(-0.000501641 -0.00236256 0.00407814)
(-0.000501382 -0.00252062 0.00407814)
(-0.000983496 -0.00237437 0.00407814)
(-0.000971604 -0.0022105 0.00407814)
(1.05534e-07 -0.00241524 0.00407814)
(1.57367e-19 -0.00257 0.00407814)
(5.66924e-08 0.00241524 0.00407814)
(-0.000501934 0.00236249 0.00407814)
(-0.000501382 0.00252062 0.00407814)
(2.43999e-18 0.00257 0.00407814)
(0.0016667 0.00173137 0.00407814)
(0.00140807 0.00196153 0.00407814)
(0.00181726 0.00181726 0.00407814)
(0.00213688 0.00142782 0.00407814)
(0.00142782 0.00213688 0.00407814)
(0.000981504 0.0022066 0.00407814)
(0.000983496 0.00237437 0.00407814)
(0.00166669 -0.00173138 0.00407814)
(0.00140805 -0.00196154 0.00407814)
(0.00181726 -0.00181726 0.00407814)
(0.00142782 -0.00213688 0.00407814)
(0.00213688 -0.00142782 0.00407814)
(0.000981565 -0.00220658 0.00407814)
(0.000983496 -0.00237437 0.00407814)
(-0.00237437 0.000983496 0.00407814)
(-0.00252062 0.000501382 0.00407814)
(-0.00257 -3.14734e-19 0.00407814)
(-0.00252062 -0.000501382 0.00407814)
(-0.00237437 -0.000983496 0.00407814)
(0.000502266 -0.00236242 0.00407814)
(0.000501382 -0.00252062 0.00407814)
(-0.000983496 0.00237437 0.00407814)
(-0.000981349 0.00220674 0.00407814)
(0.000502127 0.00236246 0.00407814)
(0.000501382 0.00252062 0.00407814)
(0.00237437 -0.000983496 0.00407814)
(0.00237437 0.000983496 0.00407814)
(0.00252062 -0.000501382 0.00407814)
(0.00252062 0.000501382 0.00407814)
(0.00257 0 0.00407814)
(-0.00181726 -0.00181726 0.00459243)
(-0.00213688 -0.00142782 0.00459243)
(-0.00127157 -0.00204071 0.00459243)
(-0.00142782 -0.00213688 0.00459243)
(-0.00166666 0.00173139 0.00459243)
(-0.00140797 0.00196159 0.00459243)
(-0.00181726 0.00181726 0.00459243)
(-0.00142782 0.00213688 0.00459243)
(-0.00213688 0.00142782 0.00459243)
(-0.000501641 -0.00236256 0.00459243)
(-0.000501382 -0.00252062 0.00459243)
(-0.000983496 -0.00237437 0.00459243)
(-0.000971604 -0.0022105 0.00459243)
(1.05534e-07 -0.00241524 0.00459243)
(2.43999e-18 -0.00257 0.00459243)
(5.66924e-08 0.00241524 0.00459243)
(-0.000501934 0.00236249 0.00459243)
(-0.000501382 0.00252062 0.00459243)
(1.57367e-19 0.00257 0.00459243)
(0.0016667 0.00173137 0.00459243)
(0.00140807 0.00196153 0.00459243)
(0.00181726 0.00181726 0.00459243)
(0.00213688 0.00142782 0.00459243)
(0.00142782 0.00213688 0.00459243)
(0.000981504 0.0022066 0.00459243)
(0.000983496 0.00237437 0.00459243)
(0.00166669 -0.00173138 0.00459243)
(0.00140805 -0.00196154 0.00459243)
(0.00181726 -0.00181726 0.00459243)
(0.00142782 -0.00213688 0.00459243)
(0.00213688 -0.00142782 0.00459243)
(0.000981565 -0.00220658 0.00459243)
(0.000983496 -0.00237437 0.00459243)
(-0.00237437 0.000983496 0.00459243)
(-0.00252062 0.000501382 0.00459243)
(-0.00257 -4.87997e-18 0.00459243)
(-0.00252062 -0.000501382 0.00459243)
(-0.00237437 -0.000983496 0.00459243)
(0.000502266 -0.00236242 0.00459243)
(0.000501382 -0.00252062 0.00459243)
(-0.000983496 0.00237437 0.00459243)
(-0.000981349 0.00220674 0.00459243)
(0.000502127 0.00236246 0.00459243)
(0.000501382 0.00252062 0.00459243)
(0.00237437 -0.000983496 0.00459243)
(0.00237437 0.000983496 0.00459243)
(0.00252062 -0.000501382 0.00459243)
(0.00252062 0.000501382 0.00459243)
(0.00257 0 0.00459243)
(-0.00181726 -0.00181726 0.00510671)
(-0.00213688 -0.00142782 0.00510671)
(-0.00127157 -0.00204071 0.00510671)
(-0.00142782 -0.00213688 0.00510671)
(-0.00166666 0.00173139 0.00510671)
(-0.00140797 0.00196159 0.00510671)
(-0.00181726 0.00181726 0.00510671)
(-0.00142782 0.00213688 0.00510671)
(-0.00213688 0.00142782 0.00510671)
(-0.000501641 -0.00236256 0.00510671)
(-0.000501382 -0.00252062 0.00510671)
(-0.000983496 -0.00237437 0.00510671)
(-0.000971604 -0.0022105 0.00510671)
(1.05534e-07 -0.00241524 0.00510671)
(1.57367e-19 -0.00257 0.00510671)
(5.66924e-08 0.00241524 0.00510671)
(-0.000501934 0.00236249 0.00510671)
(-0.000501382 0.00252062 0.00510671)
(1.57367e-19 0.00257 0.00510671)
(0.0016667 0.00173137 0.00510671)
(0.00140807 0.00196153 0.00510671)
(0.00181726 0.00181726 0.00510671)
(0.00213688 0.00142782 0.00510671)
(0.00142782 0.00213688 0.00510671)
(0.000981504 0.0022066 0.00510671)
(0.000983496 0.00237437 0.00510671)
(0.00166669 -0.00173138 0.00510671)
(0.00140805 -0.00196154 0.00510671)
(0.00181726 -0.00181726 0.00510671)
(0.00142782 -0.00213688 0.00510671)
(0.00213688 -0.00142782 0.00510671)
(0.000981565 -0.00220658 0.00510671)
(0.000983496 -0.00237437 0.00510671)
(-0.00237437 0.000983496 0.00510671)
(-0.00252062 0.000501382 0.00510671)
(-0.00257 -3.14734e-19 0.00510671)
(-0.00252062 -0.000501382 0.00510671)
(-0.00237437 -0.000983496 0.00510671)
(0.000502266 -0.00236242 0.00510671)
(0.000501382 -0.00252062 0.00510671)
(-0.000983496 0.00237437 0.00510671)
(-0.000981349 0.00220674 0.00510671)
(0.000502127 0.00236246 0.00510671)
(0.000501382 0.00252062 0.00510671)
(0.00237437 -0.000983496 0.00510671)
(0.00237437 0.000983496 0.00510671)
(0.00252062 -0.000501382 0.00510671)
(0.00252062 0.000501382 0.00510671)
(0.00257 0 0.00510671)
(-0.00181726 -0.00181726 0.005621)
(-0.00213688 -0.00142782 0.005621)
(-0.00127157 -0.00204071 0.005621)
(-0.00142782 -0.00213688 0.005621)
(-0.00166666 0.00173139 0.005621)
(-0.00140797 0.00196159 0.005621)
(-0.00181726 0.00181726 0.005621)
(-0.00142782 0.00213688 0.005621)
(-0.00213688 0.00142782 0.005621)
(-0.000501641 -0.00236256 0.005621)
(-0.000501382 -0.00252062 0.005621)
(-0.000983496 -0.00237437 0.005621)
(-0.000971604 -0.0022105 0.005621)
(1.05534e-07 -0.00241524 0.005621)
(2.43999e-18 -0.00257 0.005621)
(5.66924e-08 0.00241524 0.005621)
(-0.000501934 0.00236249 0.005621)
(-0.000501382 0.00252062 0.005621)
(1.57367e-19 0.00257 0.005621)
(0.0016667 0.00173137 0.005621)
(0.00140807 0.00196153 0.005621)
(0.00181726 0.00181726 0.005621)
(0.00213688 0.00142782 0.005621)
(0.00142782 0.00213688 0.005621)
(0.000981504 0.0022066 0.005621)
(0.000983496 0.00237437 0.005621)
(0.00166669 -0.00173138 0.005621)
(0.00140805 -0.00196154 0.005621)
(0.00181726 -0.00181726 0.005621)
(0.00142782 -0.00213688 0.005621)
(0.00213688 -0.00142782 0.005621)
(0.000981565 -0.00220658 0.005621)
(0.000983496 -0.00237437 0.005621)
(-0.00237437 0.000983496 0.005621)
(-0.00252062 0.000501382 0.005621)
(-0.00257 -4.87997e-18 0.005621)
(-0.00252062 -0.000501382 0.005621)
(-0.00237437 -0.000983496 0.005621)
(0.000502266 -0.00236242 0.005621)
(0.000501382 -0.00252062 0.005621)
(-0.000983496 0.00237437 0.005621)
(-0.000981349 0.00220674 0.005621)
(0.000502127 0.00236246 0.005621)
(0.000501382 0.00252062 0.005621)
(0.00237437 -0.000983496 0.005621)
(0.00237437 0.000983496 0.005621)
(0.00252062 -0.000501382 0.005621)
(0.00252062 0.000501382 0.005621)
(0.00257 0 0.005621)
(-0.00181726 -0.00181726 0.00613529)
(-0.00213688 -0.00142782 0.00613529)
(-0.00127157 -0.00204071 0.00613529)
(-0.00142782 -0.00213688 0.00613529)
(-0.00166666 0.00173139 0.00613529)
(-0.00140797 0.00196159 0.00613529)
(-0.00181726 0.00181726 0.00613529)
(-0.00142782 0.00213688 0.00613529)
(-0.00213688 0.00142782 0.00613529)
(-0.000501641 -0.00236256 0.00613529)
(-0.000501382 -0.00252062 0.00613529)
(-0.000983496 -0.00237437 0.00613529)
(-0.000971604 -0.0022105 0.00613529)
(1.05534e-07 -0.00241524 0.00613529)
(1.57367e-19 -0.00257 0.00613529)
(5.66924e-08 0.00241524 0.00613529)
(-0.000501934 0.00236249 0.00613529)
(-0.000501382 0.00252062 0.00613529)
(4.7226e-18 0.00257 0.00613529)
(0.0016667 0.00173137 0.00613529)
(0.00140807 0.00196153 0.00613529)
(0.00181726 0.00181726 0.00613529)
(0.00213688 0.00142782 0.00613529)
(0.00142782 0.00213688 0.00613529)
(0.000981504 0.0022066 0.00613529)
(0.000983496 0.00237437 0.00613529)
(0.00166669 -0.00173138 0.00613529)
(0.00140805 -0.00196154 0.00613529)
(0.00181726 -0.00181726 0.00613529)
(0.00142782 -0.00213688 0.00613529)
(0.00213688 -0.00142782 0.00613529)
(0.000981565 -0.00220658 0.00613529)
(0.000983496 -0.00237437 0.00613529)
(-0.00237437 0.000983496 0.00613529)
(-0.00252062 0.000501382 0.00613529)
(-0.00257 -3.14734e-19 0.00613529)
(-0.00252062 -0.000501382 0.00613529)
(-0.00237437 -0.000983496 0.00613529)
(0.000502266 -0.00236242 0.00613529)
(0.000501382 -0.00252062 0.00613529)
(-0.000983496 0.00237437 0.00613529)
(-0.000981349 0.00220674 0.00613529)
(0.000502127 0.00236246 0.00613529)
(0.000501382 0.00252062 0.00613529)
(0.00237437 -0.000983496 0.00613529)
(0.00237437 0.000983496 0.00613529)
(0.00252062 -0.000501382 0.00613529)
(0.00252062 0.000501382 0.00613529)
(0.00257 0 0.00613529)
(-0.00181726 -0.00181726 0.00664957)
(-0.00213688 -0.00142782 0.00664957)
(-0.00127157 -0.00204071 0.00664957)
(-0.00142782 -0.00213688 0.00664957)
(-0.00166666 0.00173139 0.00664957)
(-0.00140797 0.00196159 0.00664957)
(-0.00181726 0.00181726 0.00664957)
(-0.00142782 0.00213688 0.00664957)
(-0.00213688 0.00142782 0.00664957)
(-0.000501641 -0.00236256 0.00664957)
(-0.000501382 -0.00252062 0.00664957)
(-0.000983496 -0.00237437 0.00664957)
(-0.000971604 -0.0022105 0.00664957)
(1.05534e-07 -0.00241524 0.00664957)
(1.57367e-19 -0.00257 0.00664957)
(5.66924e-08 0.00241524 0.00664957)
(-0.000501934 0.00236249 0.00664957)
(-0.000501382 0.00252062 0.00664957)
(1.57367e-19 0.00257 0.00664957)
(0.0016667 0.00173137 0.00664957)
(0.00140807 0.00196153 0.00664957)
(0.00181726 0.00181726 0.00664957)
(0.00213688 0.00142782 0.00664957)
(0.00142782 0.00213688 0.00664957)
(0.000981504 0.0022066 0.00664957)
(0.000983496 0.00237437 0.00664957)
(0.00166669 -0.00173138 0.00664957)
(0.00140805 -0.00196154 0.00664957)
(0.00181726 -0.00181726 0.00664957)
(0.00142782 -0.00213688 0.00664957)
(0.00213688 -0.00142782 0.00664957)
(0.000981565 -0.00220658 0.00664957)
(0.000983496 -0.00237437 0.00664957)
(-0.00237437 0.000983496 0.00664957)
(-0.00252062 0.000501382 0.00664957)
(-0.00257 -3.14734e-19 0.00664957)
(-0.00252062 -0.000501382 0.00664957)
(-0.00237437 -0.000983496 0.00664957)
(0.000502266 -0.00236242 0.00664957)
(0.000501382 -0.00252062 0.00664957)
(-0.000983496 0.00237437 0.00664957)
(-0.000981349 0.00220674 0.00664957)
(0.000502127 0.00236246 0.00664957)
(0.000501382 0.00252062 0.00664957)
(0.00237437 -0.000983496 0.00664957)
(0.00237437 0.000983496 0.00664957)
(0.00252062 -0.000501382 0.00664957)
(0.00252062 0.000501382 0.00664957)
(0.00257 0 0.00664957)
(-0.00181726 -0.00181726 0.00716386)
(-0.00213688 -0.00142782 0.00716386)
(-0.00127157 -0.00204071 0.00716386)
(-0.00142782 -0.00213688 0.00716386)
(-0.00166666 0.00173139 0.00716386)
(-0.00140797 0.00196159 0.00716386)
(-0.00181726 0.00181726 0.00716386)
(-0.00142782 0.00213688 0.00716386)
(-0.00213688 0.00142782 0.00716386)
(-0.000501641 -0.00236256 0.00716386)
(-0.000501382 -0.00252062 0.00716386)
(-0.000983496 -0.00237437 0.00716386)
(-0.000971604 -0.0022105 0.00716386)
(1.05534e-07 -0.00241524 0.00716386)
(1.57367e-19 -0.00257 0.00716386)
(5.66924e-08 0.00241524 0.00716386)
(-0.000501934 0.00236249 0.00716386)
(-0.000501382 0.00252062 0.00716386)
(4.7226e-18 0.00257 0.00716386)
(0.0016667 0.00173137 0.00716386)
(0.00140807 0.00196153 0.00716386)
(0.00181726 0.00181726 0.00716386)
(0.00213688 0.00142782 0.00716386)
(0.00142782 0.00213688 0.00716386)
(0.000981504 0.0022066 0.00716386)
(0.000983496 0.00237437 0.00716386)
(0.00166669 -0.00173138 0.00716386)
(0.00140805 -0.00196154 0.00716386)
(0.00181726 -0.00181726 0.00716386)
(0.00142782 -0.00213688 0.00716386)
(0.00213688 -0.00142782 0.00716386)
(0.000981565 -0.00220658 0.00716386)
(0.000983496 -0.00237437 0.00716386)
(-0.00237437 0.000983496 0.00716386)
(-0.00252062 0.000501382 0.00716386)
(-0.00257 1.45604e-18 0.00716386)
(-0.00252062 -0.000501382 0.00716386)
(-0.00237437 -0.000983496 0.00716386)
(0.000502266 -0.00236242 0.00716386)
(0.000501382 -0.00252062 0.00716386)
(-0.000983496 0.00237437 0.00716386)
(-0.000981349 0.00220674 0.00716386)
(0.000502127 0.00236246 0.00716386)
(0.000501382 0.00252062 0.00716386)
(0.00237437 -0.000983496 0.00716386)
(0.00237437 0.000983496 0.00716386)
(0.00252062 -0.000501382 0.00716386)
(0.00252062 0.000501382 0.00716386)
(0.00257 0 0.00716386)
(-0.00181726 -0.00181726 0.00767814)
(-0.00213688 -0.00142782 0.00767814)
(-0.00127157 -0.00204071 0.00767814)
(-0.00142782 -0.00213688 0.00767814)
(-0.00166666 0.00173139 0.00767814)
(-0.00140797 0.00196159 0.00767814)
(-0.00181726 0.00181726 0.00767814)
(-0.00142782 0.00213688 0.00767814)
(-0.00213688 0.00142782 0.00767814)
(-0.000501641 -0.00236256 0.00767814)
(-0.000501382 -0.00252062 0.00767814)
(-0.000983496 -0.00237437 0.00767814)
(-0.000971604 -0.0022105 0.00767814)
(1.05534e-07 -0.00241524 0.00767814)
(1.57367e-19 -0.00257 0.00767814)
(5.66924e-08 0.00241524 0.00767814)
(-0.000501934 0.00236249 0.00767814)
(-0.000501382 0.00252062 0.00767814)
(1.57367e-19 0.00257 0.00767814)
(0.0016667 0.00173137 0.00767814)
(0.00140807 0.00196153 0.00767814)
(0.00181726 0.00181726 0.00767814)
(0.00213688 0.00142782 0.00767814)
(0.00142782 0.00213688 0.00767814)
(0.000981504 0.0022066 0.00767814)
(0.000983496 0.00237437 0.00767814)
(0.00166669 -0.00173138 0.00767814)
(0.00140805 -0.00196154 0.00767814)
(0.00181726 -0.00181726 0.00767814)
(0.00142782 -0.00213688 0.00767814)
(0.00213688 -0.00142782 0.00767814)
(0.000981565 -0.00220658 0.00767814)
(0.000983496 -0.00237437 0.00767814)
(-0.00237437 0.000983496 0.00767814)
(-0.00252062 0.000501382 0.00767814)
(-0.00257 2.59735e-18 0.00767814)
(-0.00252062 -0.000501382 0.00767814)
(-0.00237437 -0.000983496 0.00767814)
(0.000502266 -0.00236242 0.00767814)
(0.000501382 -0.00252062 0.00767814)
(-0.000983496 0.00237437 0.00767814)
(-0.000981349 0.00220674 0.00767814)
(0.000502127 0.00236246 0.00767814)
(0.000501382 0.00252062 0.00767814)
(0.00237437 -0.000983496 0.00767814)
(0.00237437 0.000983496 0.00767814)
(0.00252062 -0.000501382 0.00767814)
(0.00252062 0.000501382 0.00767814)
(0.00257 0 0.00767814)
(-0.00181726 -0.00181726 0.00819243)
(-0.00213688 -0.00142782 0.00819243)
(-0.00127157 -0.00204071 0.00819243)
(-0.00142782 -0.00213688 0.00819243)
(-0.00166666 0.00173139 0.00819243)
(-0.00140797 0.00196159 0.00819243)
(-0.00181726 0.00181726 0.00819243)
(-0.00142782 0.00213688 0.00819243)
(-0.00213688 0.00142782 0.00819243)
(-0.000501641 -0.00236256 0.00819243)
(-0.000501382 -0.00252062 0.00819243)
(-0.000983496 -0.00237437 0.00819243)
(-0.000971604 -0.0022105 0.00819243)
(1.05534e-07 -0.00241524 0.00819243)
(1.57367e-19 -0.00257 0.00819243)
(5.66924e-08 0.00241524 0.00819243)
(-0.000501934 0.00236249 0.00819243)
(-0.000501382 0.00252062 0.00819243)
(1.57367e-19 0.00257 0.00819243)
(0.0016667 0.00173137 0.00819243)
(0.00140807 0.00196153 0.00819243)
(0.00181726 0.00181726 0.00819243)
(0.00213688 0.00142782 0.00819243)
(0.00142782 0.00213688 0.00819243)
(0.000981504 0.0022066 0.00819243)
(0.000983496 0.00237437 0.00819243)
(0.00166669 -0.00173138 0.00819243)
(0.00140805 -0.00196154 0.00819243)
(0.00181726 -0.00181726 0.00819243)
(0.00142782 -0.00213688 0.00819243)
(0.00213688 -0.00142782 0.00819243)
(0.000981565 -0.00220658 0.00819243)
(0.000983496 -0.00237437 0.00819243)
(-0.00237437 0.000983496 0.00819243)
(-0.00252062 0.000501382 0.00819243)
(-0.00257 -3.14734e-19 0.00819243)
(-0.00252062 -0.000501382 0.00819243)
(-0.00237437 -0.000983496 0.00819243)
(0.000502266 -0.00236242 0.00819243)
(0.000501382 -0.00252062 0.00819243)
(-0.000983496 0.00237437 0.00819243)
(-0.000981349 0.00220674 0.00819243)
(0.000502127 0.00236246 0.00819243)
(0.000501382 0.00252062 0.00819243)
(0.00237437 -0.000983496 0.00819243)
(0.00237437 0.000983496 0.00819243)
(0.00252062 -0.000501382 0.00819243)
(0.00252062 0.000501382 0.00819243)
(0.00257 0 0.00819243)
(-0.00181726 -0.00181726 0.00870671)
(-0.00213688 -0.00142782 0.00870671)
(-0.00127157 -0.00204071 0.00870671)
(-0.00142782 -0.00213688 0.00870671)
(-0.00166666 0.00173139 0.00870671)
(-0.00140797 0.00196159 0.00870671)
(-0.00181726 0.00181726 0.00870671)
(-0.00142782 0.00213688 0.00870671)
(-0.00213688 0.00142782 0.00870671)
(-0.000501641 -0.00236256 0.00870671)
(-0.000501382 -0.00252062 0.00870671)
(-0.000983496 -0.00237437 0.00870671)
(-0.000971604 -0.0022105 0.00870671)
(1.05534e-07 -0.00241524 0.00870671)
(1.57367e-19 -0.00257 0.00870671)
(5.66924e-08 0.00241524 0.00870671)
(-0.000501934 0.00236249 0.00870671)
(-0.000501382 0.00252062 0.00870671)
(2.43999e-18 0.00257 0.00870671)
(0.0016667 0.00173137 0.00870671)
(0.00140807 0.00196153 0.00870671)
(0.00181726 0.00181726 0.00870671)
(0.00213688 0.00142782 0.00870671)
(0.00142782 0.00213688 0.00870671)
(0.000981504 0.0022066 0.00870671)
(0.000983496 0.00237437 0.00870671)
(0.00166669 -0.00173138 0.00870671)
(0.00140805 -0.00196154 0.00870671)
(0.00181726 -0.00181726 0.00870671)
(0.00142782 -0.00213688 0.00870671)
(0.00213688 -0.00142782 0.00870671)
(0.000981565 -0.00220658 0.00870671)
(0.000983496 -0.00237437 0.00870671)
(-0.00237437 0.000983496 0.00870671)
(-0.00252062 0.000501382 0.00870671)
(-0.00257 -3.14734e-19 0.00870671)
(-0.00252062 -0.000501382 0.00870671)
(-0.00237437 -0.000983496 0.00870671)
(0.000502266 -0.00236242 0.00870671)
(0.000501382 -0.00252062 0.00870671)
(-0.000983496 0.00237437 0.00870671)
(-0.000981349 0.00220674 0.00870671)
(0.000502127 0.00236246 0.00870671)
(0.000501382 0.00252062 0.00870671)
(0.00237437 -0.000983496 0.00870671)
(0.00237437 0.000983496 0.00870671)
(0.00252062 -0.000501382 0.00870671)
(0.00252062 0.000501382 0.00870671)
(0.00257 0 0.00870671)
(-0.00181726 -0.00181726 0.009221)
(-0.00213688 -0.00142782 0.009221)
(-0.00127157 -0.00204071 0.009221)
(-0.00142782 -0.00213688 0.009221)
(-0.00166666 0.00173139 0.009221)
(-0.00140797 0.00196159 0.009221)
(-0.00181726 0.00181726 0.009221)
(-0.00142782 0.00213688 0.009221)
(-0.00213688 0.00142782 0.009221)
(-0.000501641 -0.00236256 0.009221)
(-0.000501382 -0.00252062 0.009221)
(-0.000983496 -0.00237437 0.009221)
(-0.000971604 -0.0022105 0.009221)
(1.05534e-07 -0.00241524 0.009221)
(-4.72101e-19 -0.00257 0.009221)
(5.66924e-08 0.00241524 0.009221)
(-0.000501934 0.00236249 0.009221)
(-0.000501382 0.00252062 0.009221)
(7.28022e-19 0.00257 0.009221)
(0.0016667 0.00173137 0.009221)
(0.00140807 0.00196153 0.009221)
(0.00181726 0.00181726 0.009221)
(0.00213688 0.00142782 0.009221)
(0.00142782 0.00213688 0.009221)
(0.000981504 0.0022066 0.009221)
(0.000983496 0.00237437 0.009221)
(0.00166669 -0.00173138 0.009221)
(0.00140805 -0.00196154 0.009221)
(0.00181726 -0.00181726 0.009221)
(0.00142782 -0.00213688 0.009221)
(0.00213688 -0.00142782 0.009221)
(0.000981565 -0.00220658 0.009221)
(0.000983496 -0.00237437 0.009221)
(-0.00237437 0.000983496 0.009221)
(-0.00252062 0.000501382 0.009221)
(-0.00257 1.45604e-18 0.009221)
(-0.00252062 -0.000501382 0.009221)
(-0.00237437 -0.000983496 0.009221)
(0.000502266 -0.00236242 0.009221)
(0.000501382 -0.00252062 0.009221)
(-0.000983496 0.00237437 0.009221)
(-0.000981349 0.00220674 0.009221)
(0.000502127 0.00236246 0.009221)
(0.000501382 0.00252062 0.009221)
(0.00237437 -0.000983496 0.009221)
(0.00237437 0.000983496 0.009221)
(0.00252062 -0.000501382 0.009221)
(0.00252062 0.000501382 0.009221)
(0.00257 0 0.009221)
)


// ************************************************************************* //
