             QOI  subset    p    s    b       beta0         beta1    gamma1     objective  p-value
0    Temperature       0  1.0  0.0    0  307.249005  2.910855e+06  2.000000  3.953529e-03      NaN
1    Temperature       0  1.0  0.0    1  307.249004  2.910859e+06  2.000000  3.297973e-03      NaN
2    Temperature       0  1.0  0.0    2  307.251400  2.705498e+06  1.991113  6.693911e-04      NaN
3    Temperature       0  1.0  0.0    3  307.251723  2.504571e+06  1.984375  6.093893e-04      NaN
4    Temperature       0  1.0  0.0    4  307.251626  2.910855e+06  2.000000  6.554675e-04      NaN
5    Temperature       0  1.0  0.0    5  307.249005  2.910853e+06  2.000000  2.441909e-07      NaN
6    Temperature       0  1.0  0.0    6  307.251739  2.896378e+06  2.000000  5.196026e-04      NaN
7    Temperature       0  1.0  0.0    7  307.247772  2.343545e+06  1.971094  5.393362e-04      NaN
8    Temperature       0  1.0  0.0    8  307.247759  2.341830e+06  1.970996  1.162586e-04      NaN
9    Temperature       0  1.0  0.0    9  307.249005  2.910852e+06  2.000000  1.775315e-07      NaN
10   Temperature       0  1.0  0.0   10  307.227395  7.856404e+05  1.825833  3.216557e-03      NaN
11   Temperature       0  1.0  0.0   11  307.247759  2.341830e+06  1.970996  3.414293e-03      NaN
12   Temperature       0  1.0  0.0   12  307.235813  2.910854e+06  2.000000  3.298110e-03      NaN
13   Temperature       0  1.0  0.0   13  307.247759  2.341830e+06  1.970996  3.414293e-03      NaN
14   Temperature       0  1.0  0.0   14  307.251739  2.896378e+06  2.000000  3.817674e-03      NaN
15   Temperature       0  1.0  0.0   15  307.225735  5.423956e+05  1.780606  8.222587e-04      NaN
16   Temperature       0  1.0  0.0   16  307.249571  2.837996e+06  2.000000  2.614978e-03      NaN
17   Temperature       0  1.0  0.0   17  307.235813  2.910854e+06  2.000000  3.953414e-03      NaN
18   Temperature       0  1.0  0.0   18  307.247848  2.007815e+06  1.954883  7.073342e-05      NaN
19   Temperature       0  1.0  0.0   19  307.235133  2.998193e+06  2.000000  4.116805e-03      NaN
20   Temperature       0  1.0  0.0   20  307.251626  2.910855e+06  2.000000  6.554687e-04      NaN
21   Temperature       0  1.0  0.0   21  307.249005  2.910849e+06  2.000000  3.953442e-03      NaN
22   Temperature       0  1.0  0.0   22  307.227693  8.439768e+05  1.834561  7.207709e-04      NaN
23   Temperature       0  1.0  0.0   23  307.250226  1.862247e+06  1.945733  4.038632e-03      NaN
24   Temperature       0  1.0  0.0   24  307.249005  2.910848e+06  2.000000  3.953455e-03      NaN
25   Temperature       0  1.0  0.0   25  307.247532  2.178332e+06  1.962207  3.428447e-03      NaN
26   Temperature       0  1.0  0.0   26  307.249004  2.910858e+06  2.000000  3.298138e-03      NaN
27   Temperature       0  1.0  0.0   27  307.249004  2.910860e+06  2.000000  3.298094e-03      NaN
28   Temperature       0  1.0  0.0   28  307.247848  2.007815e+06  1.954883  7.075189e-05      NaN
29   Temperature       0  1.0  0.0   29  307.229165  1.025445e+06  1.860645  2.700528e-03      NaN
30   Temperature       0  1.0  0.0   30  307.249005  2.910855e+06  2.000000  3.298092e-03      NaN
31   Temperature       0  1.0  0.0   31  307.249005  2.910851e+06  2.000000  6.554873e-04      NaN
32   Temperature       0  1.0  0.0   32  307.247771  2.343552e+06  1.971094  1.165124e-04      NaN
33   Temperature       0  1.0  0.0   33  307.251400  2.705494e+06  1.991113  6.692306e-04      NaN
34   Temperature       0  1.0  0.0   34  307.248067  2.929703e+06  2.000000  3.974516e-03      NaN
35   Temperature       0  1.0  0.0   35  307.229164  1.025445e+06  1.860645  3.355828e-03      NaN
36   Temperature       0  1.0  0.0   36  307.248823  2.925699e+06  2.000000  8.112028e-04      NaN
37   Temperature       0  1.0  0.0   37  307.229153  1.024863e+06  1.860569  5.979203e-04      NaN
38   Temperature       0  1.0  0.0   38  307.250222  1.861830e+06  1.945703  7.406758e-04      NaN
39   Temperature       0  1.0  0.0   39  307.251626  2.910855e+06  2.000000  1.047421e-14      NaN
40   Temperature       0  1.0  0.0   40  307.234897  2.985559e+06  2.000000  7.838313e-04      NaN
41   Temperature       0  1.0  0.0   41  307.246278  1.499501e+06  1.916797  2.041795e-04      NaN
42   Temperature       0  1.0  0.0   42  307.249005  2.910852e+06  2.000000  3.953492e-03      NaN
43   Temperature       0  1.0  0.0   43  307.247545  2.179927e+06  1.962305  5.253535e-04      NaN
44   Temperature       0  1.0  0.0   44  307.229442  1.101327e+06  1.869336  2.716081e-03      NaN
45   Temperature       0  1.0  0.0   45  307.234715  3.000407e+06  2.000000  4.237731e-03      NaN
46   Temperature       0  1.0  0.0   46  307.248823  2.925699e+06  2.000000  4.109275e-03      NaN
47   Temperature       0  1.0  0.0   47  307.247759  2.341830e+06  1.970996  1.164134e-04      NaN
48   Temperature       0  1.0  0.0   48  307.235246  2.983713e+06  2.000000  4.636365e-03      NaN
49   Temperature       0  1.0  0.0   49  307.249572  2.837991e+06  2.000000  3.270472e-03      NaN
50   Temperature       0  1.0  0.0   50  307.251722  2.504576e+06  1.984375  3.907467e-03      NaN
51   Temperature       0  1.0  0.0   51  307.251739  2.896378e+06  2.000000  5.196026e-04      NaN
52   Temperature       0  1.0  0.0   52  307.227693  8.439768e+05  1.834561  7.207709e-04      NaN
53   Temperature       0  1.0  0.0   53  307.235246  2.983717e+06  2.000000  3.980964e-03      NaN
54   Temperature       0  1.0  0.0   54  307.235812  2.910855e+06  2.000000  1.047421e-14      NaN
55   Temperature       0  1.0  0.0   55  307.227624  7.092734e+05  1.815694  6.797298e-04      NaN
56   Temperature       0  1.0  0.0   56  307.229164  1.025447e+06  1.860645  3.355823e-03      NaN
57   Temperature       0  1.0  0.0   57  307.248892  2.925332e+06  2.000000  7.911606e-04      NaN
58   Temperature       0  1.0  0.0   58  307.249005  2.910856e+06  2.000000  3.953506e-03      NaN
59   Temperature       0  1.0  0.0   59  307.249005  2.910856e+06  2.000000  6.554837e-04      NaN
60   Temperature       0  1.0  0.0   60  307.251739  2.896374e+06  2.000000  5.197255e-04      NaN
61   Temperature       0  1.0  0.0   61  307.251626  2.910855e+06  2.000000  6.553137e-04      NaN
62   Temperature       0  1.0  0.0   62  307.249571  2.837994e+06  2.000000  3.270504e-03      NaN
63   Temperature       0  1.0  0.0   63  307.246291  1.500599e+06  1.916895  4.515045e-04      NaN
64   Temperature       0  1.0  0.0   64  307.246291  1.500599e+06  1.916895  4.516614e-04      NaN
65   Temperature       0  1.0  0.0   65  307.229442  1.101327e+06  1.869336  2.715926e-03      NaN
66   Temperature       0  1.0  0.0   66  307.249004  2.910860e+06  2.000000  3.297954e-03      NaN
67   Temperature       0  1.0  0.0   67  307.247848  2.007816e+06  1.954883  3.368852e-03      NaN
68   Temperature       0  1.0  0.0   68  307.248892  2.925333e+06  2.000000  4.089211e-03      NaN
69   Temperature       0  1.0  0.0   69  307.249005  2.910851e+06  2.000000  6.554885e-04      NaN
70   Temperature       0  1.0  0.0   70  307.251626  2.910856e+06  2.000000  3.953411e-03      NaN
71   Temperature       0  1.0  0.0   71  307.249004  2.910855e+06  2.000000  3.297937e-03      NaN
72   Temperature       0  1.0  0.0   72  307.250222  1.861830e+06  1.945703  7.406758e-04      NaN
73   Temperature       0  1.0  0.0   73  307.234897  2.985559e+06  2.000000  4.737273e-03      NaN
74   Temperature       0  1.0  0.0   74  307.251626  2.910855e+06  2.000000  6.553137e-04      NaN
75   Temperature       0  1.0  0.0   75  307.227381  7.851249e+05  1.825745  7.372673e-04      NaN
76   Temperature       0  1.0  0.0   76  307.248892  2.925332e+06  2.000000  7.910057e-04      NaN
77   Temperature       0  1.0  0.0   77  307.234715  3.000406e+06  2.000000  4.893012e-03      NaN
78   Temperature       0  1.0  0.0   78  307.251400  2.705494e+06  1.991113  6.692306e-04      NaN
79   Temperature       0  1.0  0.0   79  307.249571  2.837996e+06  2.000000  2.615133e-03      NaN
80   Temperature       0  1.0  0.0   80  307.235813  2.910854e+06  2.000000  3.297955e-03      NaN
81   Temperature       0  1.0  0.0   81  307.249005  2.910856e+06  2.000000  2.277655e-07      NaN
82   Temperature       0  1.0  0.0   82  307.227395  7.856416e+05  1.825833  3.216552e-03      NaN
83   Temperature       0  1.0  0.0   83  307.249004  2.910856e+06  2.000000  3.298108e-03      NaN
84   Temperature       0  1.0  0.0   84  307.229152  1.024865e+06  1.860569  5.979169e-04      NaN
85   Temperature       0  1.0  0.0   85  307.251723  2.504571e+06  1.984375  6.095442e-04      NaN
86   Temperature       0  1.0  0.0   86  307.229165  1.025444e+06  1.860645  3.355832e-03      NaN
87   Temperature       0  1.0  0.0   87  307.225735  5.423956e+05  1.780606  8.222587e-04      NaN
88   Temperature       0  1.0  0.0   88  307.251739  2.896378e+06  2.000000  5.196026e-04      NaN
89   Temperature       0  1.0  0.0   89  307.246278  1.499501e+06  1.916797  2.044863e-04      NaN
90   Temperature       0  1.0  0.0   90  307.249005  2.910851e+06  2.000000  6.554873e-04      NaN
91   Temperature       0  1.0  0.0   91  307.251400  2.705494e+06  1.991113  6.693856e-04      NaN
92   Temperature       0  1.0  0.0   92  307.248822  2.925702e+06  2.000000  1.556297e-04      NaN
93   Temperature       0  1.0  0.0   93  307.249004  2.910858e+06  2.000000  6.554966e-04      NaN
94   Temperature       0  1.0  0.0   94  307.235246  2.983713e+06  2.000000  4.636365e-03      NaN
95   Temperature       0  1.0  0.0   95  307.227624  7.092734e+05  1.815694  6.797298e-04      NaN
96   Temperature       0  1.0  0.0   96  307.249004  2.910857e+06  2.000000  2.352900e-07      NaN
97   Temperature       0  1.0  0.0   97  307.247848  2.007815e+06  1.954883  7.088880e-05      NaN
98   Temperature       0  1.0  0.0   98  307.234897  2.985559e+06  2.000000  4.737273e-03      NaN
99   Temperature       0  1.0  0.0   99  307.249005  2.910851e+06  2.000000  6.554873e-04      NaN
100  Temperature       0  1.0  0.0  100  307.247545  2.179927e+06  1.962305  5.255080e-04      NaN
101  Temperature       0  1.0  1.0    0  307.249004  2.910857e+06  2.000000  3.272461e-03      NaN
102  Temperature       0  1.0  1.0    1  307.249004  2.910860e+06  2.000000  4.388392e-03      NaN
103  Temperature       0  1.0  1.0    2  307.249004  2.910857e+06  2.000000  4.388477e-03      NaN
104  Temperature       0  1.0  1.0    3  307.248068  2.929698e+06  2.000000  4.483565e-03      NaN
105  Temperature       0  1.0  1.0    4  307.250229  1.863214e+06  1.945801  9.859492e-04      NaN
106  Temperature       0  1.0  1.0    5  307.247533  2.178328e+06  1.962207  1.735791e-04      NaN
107  Temperature       0  1.0  1.0    6  307.249005  2.910855e+06  2.000000  1.094573e-03      NaN
108  Temperature       0  1.0  1.0    7  307.235246  2.983705e+06  2.000000  4.784830e-03      NaN
109  Temperature       0  1.0  1.0    8  307.251626  2.910858e+06  2.000000  8.721067e-04      NaN
110  Temperature       0  1.0  1.0    9  307.251405  2.706499e+06  1.991162  8.906802e-04      NaN
111  Temperature       0  1.0  1.0   10  307.247848  2.007815e+06  1.954883  9.421615e-05      NaN
112  Temperature       0  1.0  1.0   11  307.249919  2.836151e+06  2.000000  2.670482e-03      NaN
113  Temperature       0  1.0  1.0   12  307.249004  2.910855e+06  2.000000  8.721413e-04      NaN
114  Temperature       0  1.0  1.0   13  307.229443  1.101367e+06  1.869341  3.614089e-03      NaN
115  Temperature       0  1.0  1.0   14  307.227625  7.092732e+05  1.815694  3.484003e-03      NaN
116  Temperature       0  1.0  1.0   15  307.249004  2.910858e+06  2.000000  8.722002e-04      NaN
117  Temperature       0  1.0  1.0   16  307.247533  2.178324e+06  1.962207  6.989794e-04      NaN
118  Temperature       0  1.0  1.0   17  307.235813  2.910856e+06  2.000000  4.388388e-03      NaN
119  Temperature       0  1.0  1.0   18  307.246287  1.500207e+06  1.916860  6.009169e-04      NaN
120  Temperature       0  1.0  1.0   19  307.249004  2.910857e+06  2.000000  4.388477e-03      NaN
121  Temperature       0  1.0  1.0   20  307.246288  1.500609e+06  1.916895  2.715005e-04      NaN
122  Temperature       0  1.0  1.0   21  307.229442  1.101328e+06  1.869336  7.745382e-04      NaN
123  Temperature       0  1.0  1.0   22  307.247533  2.178325e+06  1.962207  6.989905e-04      NaN
124  Temperature       0  1.0  1.0   23  307.229154  1.024862e+06  1.860569  3.592916e-03      NaN
125  Temperature       0  1.0  1.0   24  307.249919  2.836151e+06  2.000000  2.670482e-03      NaN
126  Temperature       0  1.0  1.0   25  307.229153  1.024862e+06  1.860569  7.957119e-04      NaN
127  Temperature       0  1.0  1.0   26  307.248823  2.925703e+06  2.000000  2.297329e-03      NaN
128  Temperature       0  1.0  1.0   27  307.249004  2.910857e+06  2.000000  5.483032e-03      NaN
129  Temperature       0  1.0  1.0   28  307.248822  2.925694e+06  2.000000  1.197755e-04      NaN
130  Temperature       0  1.0  1.0   29  307.227694  8.439742e+05  1.834561  3.429531e-03      NaN
131  Temperature       0  1.0  1.0   30  307.251405  2.706498e+06  1.991162  8.906103e-04      NaN
132  Temperature       0  1.0  1.0   31  307.251400  2.705493e+06  1.991113  5.279311e-03      NaN
133  Temperature       0  1.0  1.0   32  307.247532  2.178331e+06  1.962207  4.562062e-03      NaN
134  Temperature       0  1.0  1.0   33  307.246289  1.500608e+06  1.916895  2.715397e-04      NaN
135  Temperature       0  1.0  1.0   34  307.247848  2.007816e+06  1.954883  9.413018e-05      NaN
136  Temperature       0  1.0  1.0   35  307.249004  2.910855e+06  2.000000  2.177892e-03      NaN
137  Temperature       0  1.0  1.0   36  307.250229  1.863214e+06  1.945801  9.859492e-04      NaN
138  Temperature       0  1.0  1.0   37  307.247848  2.007815e+06  1.954883  9.421924e-05      NaN
139  Temperature       0  1.0  1.0   38  307.249004  2.910858e+06  2.000000  1.239180e-07      NaN
140  Temperature       0  1.0  1.0   39  307.248067  2.929705e+06  2.000000  5.578198e-03      NaN
141  Temperature       0  1.0  1.0   40  307.248892  2.925336e+06  2.000000  9.508642e-04      NaN
142  Temperature       0  1.0  1.0   41  307.249004  2.910857e+06  2.000000  4.388477e-03      NaN
143  Temperature       0  1.0  1.0   42  307.249004  2.910858e+06  2.000000  2.177785e-03      NaN
144  Temperature       0  1.0  1.0   43  307.234715  3.000409e+06  2.000000  6.229495e-03      NaN
145  Temperature       0  1.0  1.0   44  307.234715  3.000409e+06  2.000000  7.216112e-04      NaN
146  Temperature       0  1.0  1.0   45  307.247848  2.007816e+06  1.954883  9.413018e-05      NaN
147  Temperature       0  1.0  1.0   46  307.249004  2.910857e+06  2.000000  8.721067e-04      NaN
148  Temperature       0  1.0  1.0   47  307.246289  1.500608e+06  1.916895  2.716206e-04      NaN
149  Temperature       0  1.0  1.0   48  307.249571  2.837997e+06  2.000000  2.653594e-03      NaN
150  Temperature       0  1.0  1.0   49  307.251730  2.506435e+06  1.984473  8.111328e-04      NaN
151  Temperature       0  1.0  1.0   50  307.249004  2.910860e+06  2.000000  4.388423e-03      NaN
152  Temperature       0  1.0  1.0   51  307.251739  2.896377e+06  2.000000  2.531839e-03      NaN
153  Temperature       0  1.0  1.0   52  307.227385  7.851182e+05  1.825745  3.407829e-03      NaN
154  Temperature       0  1.0  1.0   53  307.249004  2.910856e+06  2.000000  1.113282e-07      NaN
155  Temperature       0  1.0  1.0   54  307.235812  2.910857e+06  2.000000  5.507887e-03      NaN
156  Temperature       0  1.0  1.0   55  307.251626  2.910857e+06  2.000000  4.328331e-04      NaN
157  Temperature       0  1.0  1.0   56  307.249004  2.910857e+06  2.000000  8.722113e-04      NaN
158  Temperature       0  1.0  1.0   57  307.229153  1.024863e+06  1.860569  7.957242e-04      NaN
159  Temperature       0  1.0  1.0   58  307.249004  2.910858e+06  2.000000  1.094695e-03      NaN
160  Temperature       0  1.0  1.0   59  307.235246  2.983705e+06  2.000000  4.784911e-03      NaN
161  Temperature       0  1.0  1.0   60  307.235812  2.910857e+06  2.000000  5.507887e-03      NaN
162  Temperature       0  1.0  1.0   61  307.249004  2.910857e+06  2.000000  5.483012e-03      NaN
163  Temperature       0  1.0  1.0   62  307.249004  2.910859e+06  2.000000  5.483041e-03      NaN
164  Temperature       0  1.0  1.0   63  307.251626  2.910857e+06  2.000000  1.336189e-14      NaN
165  Temperature       0  1.0  1.0   64  307.247533  2.178328e+06  1.962207  1.736600e-04      NaN
166  Temperature       0  1.0  1.0   65  307.249004  2.910854e+06  2.000000  3.272378e-03      NaN
167  Temperature       0  1.0  1.0   66  307.247848  2.007815e+06  1.954883  9.413832e-05      NaN
168  Temperature       0  1.0  1.0   67  307.225740  5.423906e+05  1.780606  4.167091e-03      NaN
169  Temperature       0  1.0  1.0   68  307.249004  2.910857e+06  2.000000  8.721067e-04      NaN
170  Temperature       0  1.0  1.0   69  307.247770  2.343559e+06  1.971094  1.546112e-04      NaN
171  Temperature       0  1.0  1.0   70  307.251729  2.505494e+06  1.984424  6.138497e-05      NaN
172  Temperature       0  1.0  1.0   71  307.227624  7.092737e+05  1.815694  9.044803e-04      NaN
173  Temperature       0  1.0  1.0   72  307.229440  1.100996e+06  1.869297  3.614168e-03      NaN
174  Temperature       0  1.0  1.0   73  307.251739  2.896377e+06  2.000000  2.531839e-03      NaN
175  Temperature       0  1.0  1.0   74  307.249005  2.910855e+06  2.000000  5.483003e-03      NaN
176  Temperature       0  1.0  1.0   75  307.249004  2.910858e+06  2.000000  4.388468e-03      NaN
177  Temperature       0  1.0  1.0   76  307.246287  1.500207e+06  1.916860  6.009169e-04      NaN
178  Temperature       0  1.0  1.0   77  307.247771  2.343552e+06  1.971094  7.180934e-04      NaN
179  Temperature       0  1.0  1.0   78  307.249571  2.837998e+06  2.000000  1.781412e-03      NaN
180  Temperature       0  1.0  1.0   79  307.249004  2.910858e+06  2.000000  4.388468e-03      NaN
181  Temperature       0  1.0  1.0   80  307.248823  2.925693e+06  2.000000  1.197026e-04      NaN
182  Temperature       0  1.0  1.0   81  307.227694  8.439742e+05  1.834561  3.429531e-03      NaN
183  Temperature       0  1.0  1.0   82  307.249004  2.910857e+06  2.000000  5.483032e-03      NaN
184  Temperature       0  1.0  1.0   83  307.235246  2.983706e+06  2.000000  4.784918e-03      NaN
185  Temperature       0  1.0  1.0   84  307.251730  2.506435e+06  1.984473  8.112137e-04      NaN
186  Temperature       0  1.0  1.0   85  307.249919  2.836151e+06  2.000000  2.670482e-03      NaN
187  Temperature       0  1.0  1.0   86  307.247770  2.343558e+06  1.971094  1.546538e-04      NaN
188  Temperature       0  1.0  1.0   87  307.249004  2.910858e+06  2.000000  4.388468e-03      NaN
189  Temperature       0  1.0  1.0   88  307.247848  2.007815e+06  1.954883  7.780109e-04      NaN
190  Temperature       0  1.0  1.0   89  307.225740  5.423906e+05  1.780606  4.167091e-03      NaN
191  Temperature       0  1.0  1.0   90  307.247770  2.343559e+06  1.971094  1.546112e-04      NaN
192  Temperature       0  1.0  1.0   91  307.249920  2.836149e+06  2.000000  2.670410e-03      NaN
193  Temperature       0  1.0  1.0   92  307.248068  2.929698e+06  2.000000  4.483565e-03      NaN
194  Temperature       0  1.0  1.0   93  307.229153  1.024863e+06  1.860569  7.957242e-04      NaN
195  Temperature       0  1.0  1.0   94  307.234897  2.985562e+06  2.000000  7.204536e-03      NaN
196  Temperature       0  1.0  1.0   95  307.249004  2.910856e+06  2.000000  1.113282e-07      NaN
197  Temperature       0  1.0  1.0   96  307.249004  2.910854e+06  2.000000  3.272378e-03      NaN
198  Temperature       0  1.0  1.0   97  307.251739  2.896377e+06  2.000000  3.540281e-04      NaN
199  Temperature       0  1.0  1.0   98  307.225740  5.423906e+05  1.780606  4.167091e-03      NaN
200  Temperature       0  1.0  1.0   99  307.249004  2.910857e+06  2.000000  1.336189e-14      NaN
201  Temperature       0  1.0  1.0  100  307.250229  1.863214e+06  1.945801  9.858683e-04      NaN
202  Temperature       0  2.0  0.0    0  307.246220  2.913056e+06  2.000000  6.181873e-03      NaN
203  Temperature       0  2.0  0.0    1  307.245714  1.466053e+06  1.913672  3.132312e-04      NaN
204  Temperature       0  2.0  0.0    2  307.247905  2.082984e+06  1.959570  7.892670e-05      NaN
205  Temperature       0  2.0  0.0    3  307.246137  2.915830e+06  2.000000  6.217879e-03      NaN
206  Temperature       0  2.0  0.0    4  307.244585  2.938341e+06  2.000000  5.895720e-03      NaN
207  Temperature       0  2.0  0.0    5  307.248500  2.929110e+06  2.000000  2.474913e-04      NaN
208  Temperature       0  2.0  0.0    6  307.249565  2.922813e+06  2.000000  1.224902e-03      NaN
209  Temperature       0  2.0  0.0    7  307.249606  2.922188e+06  2.000000  1.250674e-03      NaN
210  Temperature       0  2.0  0.0    8  307.248910  2.911095e+06  2.000000  1.298468e-04      NaN
211  Temperature       0  2.0  0.0    9  307.248337  2.930131e+06  2.000000  1.246059e-04      NaN
212  Temperature       0  2.0  0.0   10  307.235703  2.913056e+06  2.000000  7.135646e-15      NaN
213  Temperature       0  2.0  0.0   11  307.246790  2.098663e+06  1.957129  7.809757e-05      NaN
214  Temperature       0  2.0  0.0   12  307.251153  2.899757e+06  2.000000  8.805095e-04      NaN
215  Temperature       0  2.0  0.0   13  307.246924  2.924021e+06  2.000000  6.840103e-03      NaN
216  Temperature       0  2.0  0.0   14  307.248032  1.703276e+06  1.933594  1.284508e-03      NaN
217  Temperature       0  2.0  0.0   15  307.227757  1.039943e+06  1.861450  8.966554e-04      NaN
218  Temperature       0  2.0  0.0   16  307.248951  2.083512e+06  1.959863  1.017782e-03      NaN
219  Temperature       0  2.0  0.0   17  307.249223  2.180734e+06  1.965820  1.047495e-03      NaN
220  Temperature       0  2.0  0.0   18  307.227757  1.039943e+06  1.861450  8.966554e-04      NaN
221  Temperature       0  2.0  0.0   19  307.251311  2.673407e+06  1.989551  2.426971e-05      NaN
222  Temperature       0  2.0  0.0   20  307.239014  2.973173e+06  2.000000  5.780409e-03      NaN
223  Temperature       0  2.0  0.0   21  307.240124  2.016633e+06  1.950391  4.944685e-03      NaN
224  Temperature       0  2.0  0.0   22  307.240397  2.105991e+06  1.956055  4.914827e-03      NaN
225  Temperature       0  2.0  0.0   23  307.236471  9.949357e+05  1.861450  5.074331e-03      NaN
226  Temperature       0  2.0  0.0   24  307.245083  1.418676e+06  1.909277  3.403158e-04      NaN
227  Temperature       0  2.0  0.0   25  307.234017  9.837837e+05  1.856337  3.946871e-03      NaN
228  Temperature       0  2.0  0.0   26  307.243503  2.704626e+06  1.988477  5.840568e-03      NaN
229  Temperature       0  2.0  0.0   27  307.248705  2.914264e+06  2.000000  1.725239e-04      NaN
230  Temperature       0  2.0  0.0   28  307.249123  2.479614e+06  1.978613  8.265754e-04      NaN
231  Temperature       0  2.0  0.0   29  307.251200  2.897529e+06  2.000000  8.435348e-04      NaN
232  Temperature       0  2.0  0.0   30  307.242992  2.409173e+06  1.974023  5.891460e-03      NaN
233  Temperature       0  2.0  0.0   31  307.227735  1.007337e+06  1.857924  8.897990e-04      NaN
234  Temperature       0  2.0  0.0   32  307.248863  2.913324e+06  2.000000  1.668913e-04      NaN
235  Temperature       0  2.0  0.0   33  307.225264  7.325899e+05  1.816223  1.136173e-03      NaN
236  Temperature       0  2.0  0.0   34  307.238148  1.510856e+06  1.912109  5.186978e-03      NaN
237  Temperature       0  2.0  0.0   35  307.249324  2.134677e+06  1.963086  8.961121e-04      NaN
238  Temperature       0  2.0  0.0   36  307.248813  2.275725e+06  1.968164  8.017483e-04      NaN
239  Temperature       0  2.0  0.0   37  307.245695  2.931338e+06  2.000000  6.429295e-03      NaN
240  Temperature       0  2.0  0.0   38  307.234017  9.837837e+05  1.856337  3.946871e-03      NaN
241  Temperature       0  2.0  0.0   39  307.228063  1.083571e+06  1.866828  8.654226e-04      NaN
242  Temperature       0  2.0  0.0   40  307.244746  2.924168e+06  2.000000  5.578589e-03      NaN
243  Temperature       0  2.0  0.0   41  307.248937  2.880562e+06  1.998633  3.222395e-06      NaN
244  Temperature       0  2.0  0.0   42  307.246172  2.915285e+06  2.000000  6.219063e-03      NaN
245  Temperature       0  2.0  0.0   43  307.238442  1.577752e+06  1.917773  5.217420e-03      NaN
246  Temperature       0  2.0  0.0   44  307.247164  2.148615e+06  1.960254  1.997355e-04      NaN
247  Temperature       0  2.0  0.0   45  307.249614  2.922060e+06  2.000000  1.255696e-03      NaN
248  Temperature       0  2.0  0.0   46  307.249892  2.317605e+06  1.973828  1.082081e-03      NaN
249  Temperature       0  2.0  0.0   47  307.241632  1.660108e+06  1.928711  6.003215e-03      NaN
250  Temperature       0  2.0  0.0   48  307.228063  1.083571e+06  1.866828  8.654226e-04      NaN
251  Temperature       0  2.0  0.0   49  307.248951  2.083512e+06  1.959863  1.017782e-03      NaN
252  Temperature       0  2.0  0.0   50  307.234140  2.987058e+06  2.000000  1.236803e-03      NaN
253  Temperature       0  2.0  0.0   51  307.248223  2.930398e+06  2.000000  2.898346e-04      NaN
254  Temperature       0  2.0  0.0   52  307.248863  2.913324e+06  2.000000  1.668913e-04      NaN
255  Temperature       0  2.0  0.0   53  307.246878  2.104836e+06  1.957617  3.511563e-04      NaN
256  Temperature       0  2.0  0.0   54  307.237833  1.401429e+06  1.902930  5.163753e-03      NaN
257  Temperature       0  2.0  0.0   55  307.251828  2.516897e+06  1.984961  7.037013e-05      NaN
258  Temperature       0  2.0  0.0   56  307.249968  2.906402e+06  2.000000  1.102315e-03      NaN
259  Temperature       0  2.0  0.0   57  307.249628  2.492169e+06  1.980078  1.028473e-03      NaN
260  Temperature       0  2.0  0.0   58  307.235703  2.913056e+06  2.000000  7.135646e-15      NaN
261  Temperature       0  2.0  0.0   59  307.249968  2.906402e+06  2.000000  1.102315e-03      NaN
262  Temperature       0  2.0  0.0   60  307.244427  2.939281e+06  2.000000  5.830161e-03      NaN
263  Temperature       0  2.0  0.0   61  307.249606  2.922188e+06  2.000000  1.250674e-03      NaN
264  Temperature       0  2.0  0.0   62  307.251351  2.703572e+06  1.990918  2.112811e-05      NaN
265  Temperature       0  2.0  0.0   63  307.248283  1.720579e+06  1.934961  1.136241e-03      NaN
266  Temperature       0  2.0  0.0   64  307.246220  2.913056e+06  2.000000  6.181873e-03      NaN
267  Temperature       0  2.0  0.0   65  307.225264  7.325899e+05  1.816223  1.136173e-03      NaN
268  Temperature       0  2.0  0.0   66  307.234358  1.060432e+06  1.865506  3.971285e-03      NaN
269  Temperature       0  2.0  0.0   67  307.250130  2.903906e+06  2.000000  1.000910e-03      NaN
270  Temperature       0  2.0  0.0   68  307.248386  2.929377e+06  2.000000  3.892407e-04      NaN
271  Temperature       0  2.0  0.0   69  307.235859  1.302521e+06  1.893012  4.009077e-03      NaN
272  Temperature       0  2.0  0.0   70  307.249925  2.907075e+06  2.000000  1.122971e-03      NaN
273  Temperature       0  2.0  0.0   71  307.236109  1.344369e+06  1.897244  4.036355e-03      NaN
274  Temperature       0  2.0  0.0   72  307.249422  2.494891e+06  1.980078  1.173410e-03      NaN
275  Temperature       0  2.0  0.0   73  307.240774  2.947452e+06  2.000000  6.905607e-03      NaN
276  Temperature       0  2.0  0.0   74  307.247254  1.942438e+06  1.950391  1.292370e-05      NaN
277  Temperature       0  2.0  0.0   75  307.240561  2.950743e+06  2.000000  6.812119e-03      NaN
278  Temperature       0  2.0  0.0   76  307.248747  2.912116e+06  2.000000  1.531614e-04      NaN
279  Temperature       0  2.0  0.0   77  307.247747  2.839599e+06  2.000000  4.991195e-03      NaN
280  Temperature       0  2.0  0.0   78  307.246677  2.845976e+06  2.000000  4.441311e-03      NaN
281  Temperature       0  2.0  0.0   79  307.244956  2.920919e+06  2.000000  5.608383e-03      NaN
282  Temperature       0  2.0  0.0   80  307.239333  2.958060e+06  2.000000  5.642889e-03      NaN
283  Temperature       0  2.0  0.0   81  307.248575  2.813548e+06  1.995508  1.188524e-04      NaN
284  Temperature       0  2.0  0.0   82  307.248364  2.814508e+06  1.995410  2.609040e-05      NaN
285  Temperature       0  2.0  0.0   83  307.240397  2.105991e+06  1.956055  4.914827e-03      NaN
286  Temperature       0  2.0  0.0   84  307.232198  6.690036e+05  1.809170  3.819965e-03      NaN
287  Temperature       0  2.0  0.0   85  307.235749  1.045682e+06  1.864624  4.954035e-03      NaN
288  Temperature       0  2.0  0.0   86  307.225977  6.916938e+05  1.811991  1.016404e-03      NaN
289  Temperature       0  2.0  0.0   87  307.228063  1.083571e+06  1.866828  8.654226e-04      NaN
290  Temperature       0  2.0  0.0   88  307.239506  2.955394e+06  2.000000  5.753357e-03      NaN
291  Temperature       0  2.0  0.0   89  307.239187  2.970507e+06  2.000000  5.925177e-03      NaN
292  Temperature       0  2.0  0.0   90  307.227427  9.667855e+05  1.852546  9.211734e-04      NaN
293  Temperature       0  2.0  0.0   91  307.245083  1.418676e+06  1.909277  3.403158e-04      NaN
294  Temperature       0  2.0  0.0   92  307.248575  2.813548e+06  1.995508  1.188524e-04      NaN
295  Temperature       0  2.0  0.0   93  307.249810  2.907343e+06  2.000000  1.189561e-03      NaN
296  Temperature       0  2.0  0.0   94  307.240767  2.219350e+06  1.962305  5.044275e-03      NaN
297  Temperature       0  2.0  0.0   95  307.245083  1.418676e+06  1.909277  3.403158e-04      NaN
298  Temperature       0  2.0  0.0   96  307.240729  2.132108e+06  1.957812  5.039708e-03      NaN
299  Temperature       0  2.0  0.0   97  307.249980  2.904718e+06  2.000000  1.102576e-03      NaN
300  Temperature       0  2.0  0.0   98  307.249324  2.134677e+06  1.963086  8.961121e-04      NaN
301  Temperature       0  2.0  0.0   99  307.249649  2.921515e+06  2.000000  1.276000e-03      NaN
302  Temperature       0  2.0  0.0  100  307.249968  2.906402e+06  2.000000  1.102315e-03      NaN
303  Temperature       0  2.0  1.0    0  307.250359  2.849026e+06  2.000000  3.925755e-03      NaN
304  Temperature       0  2.0  1.0    1  307.238888  2.849026e+06  2.000000  1.408273e-14      NaN
305  Temperature       0  2.0  1.0    2  307.250195  2.623179e+06  1.989551  1.092729e-03      NaN
306  Temperature       0  2.0  1.0    3  307.252440  2.765728e+06  2.000000  1.043538e-02      NaN
307  Temperature       0  2.0  1.0    4  307.251891  2.792174e+06  2.000000  3.319942e-03      NaN
308  Temperature       0  2.0  1.0    5  307.250348  1.583041e+06  1.924219  4.887448e-03      NaN
309  Temperature       0  2.0  1.0    6  307.260891  2.770395e+06  2.000000  2.356966e-03      NaN
310  Temperature       0  2.0  1.0    7  307.252528  2.740282e+06  2.000000  2.689558e-03      NaN
311  Temperature       0  2.0  1.0    8  307.257826  2.784648e+06  2.000000  3.934651e-03      NaN
312  Temperature       0  2.0  1.0    9  307.252182  2.829733e+06  2.000000  4.771700e-04      NaN
313  Temperature       0  2.0  1.0   10  307.247675  1.487578e+06  1.912891  7.153484e-04      NaN
314  Temperature       0  2.0  1.0   11  307.255156  2.774831e+06  2.000000  5.730440e-03      NaN
315  Temperature       0  2.0  1.0   12  307.234793  8.894638e+05  1.846022  4.161164e-03      NaN
316  Temperature       0  2.0  1.0   13  307.251801  2.817836e+06  2.000000  1.075754e-02      NaN
317  Temperature       0  2.0  1.0   14  307.244695  1.881039e+06  1.943848  6.952233e-03      NaN
318  Temperature       0  2.0  1.0   15  307.231431  2.931079e+05  1.705669  8.811145e-03      NaN
319  Temperature       0  2.0  1.0   16  307.246091  5.715516e+05  1.794623  3.014747e-03      NaN
320  Temperature       0  2.0  1.0   17  307.250649  2.886585e+06  2.000000  1.487538e-03      NaN
321  Temperature       0  2.0  1.0   18  307.223175  1.259435e+05  1.594591  7.892310e-03      NaN
322  Temperature       0  2.0  1.0   19  307.249122  2.901134e+06  2.000000  6.493279e-04      NaN
323  Temperature       0  2.0  1.0   20  307.246780  1.177208e+06  1.884460  8.081550e-04      NaN
324  Temperature       0  2.0  1.0   21  307.246091  5.715516e+05  1.794623  3.014747e-03      NaN
325  Temperature       0  2.0  1.0   22  307.244487  1.770538e+06  1.936523  6.976569e-03      NaN
326  Temperature       0  2.0  1.0   23  307.250897  1.967501e+06  1.955078  1.320214e-04      NaN
327  Temperature       0  2.0  1.0   24  307.242860  9.344278e+05  1.854221  1.036490e-03      NaN
328  Temperature       0  2.0  1.0   25  307.252107  2.849026e+06  2.000000  1.408273e-14      NaN
329  Temperature       0  2.0  1.0   26  307.252593  2.814480e+06  2.000000  1.000716e-02      NaN
330  Temperature       0  2.0  1.0   27  307.251001  2.754831e+06  2.000000  2.709133e-03      NaN
331  Temperature       0  2.0  1.0   28  307.245422  2.413896e+06  1.979590  5.389202e-03      NaN
332  Temperature       0  2.0  1.0   29  307.234388  8.174230e+05  1.833150  5.115565e-03      NaN
333  Temperature       0  2.0  1.0   30  307.249725  2.858831e+06  2.000000  3.818077e-03      NaN
334  Temperature       0  2.0  1.0   31  307.249185  2.909235e+06  2.000000  1.272996e-04      NaN
335  Temperature       0  2.0  1.0   32  307.252793  2.811388e+06  2.000000  9.981224e-03      NaN
336  Temperature       0  2.0  1.0   33  307.256231  2.833399e+06  2.000000  5.389924e-03      NaN
337  Temperature       0  2.0  1.0   34  307.251898  2.669204e+06  1.992090  2.299271e-05      NaN
338  Temperature       0  2.0  1.0   35  307.243825  1.852625e+06  1.943555  1.027999e-02      NaN
339  Temperature       0  2.0  1.0   36  307.252730  2.803287e+06  2.000000  9.976277e-03      NaN
340  Temperature       0  2.0  1.0   37  307.254517  2.826938e+06  2.000000  6.122794e-03      NaN
341  Temperature       0  2.0  1.0   38  307.231242  4.800303e+05  1.768616  3.769541e-03      NaN
342  Temperature       0  2.0  1.0   39  307.232015  9.382048e+05  1.854750  1.032060e-03      NaN
343  Temperature       0  2.0  1.0   40  307.251891  2.792174e+06  2.000000  3.319942e-03      NaN
344  Temperature       0  2.0  1.0   41  307.225894  1.894577e+05  1.644859  8.081281e-03      NaN
345  Temperature       0  2.0  1.0   42  307.260601  2.732836e+06  2.000000  5.199267e-03      NaN
346  Temperature       0  2.0  1.0   43  307.255793  2.722938e+06  2.000000  5.389300e-03      NaN
347  Temperature       0  2.0  1.0   44  307.257507  2.729399e+06  2.000000  4.845796e-03      NaN
348  Temperature       0  2.0  1.0   45  307.250467  1.383291e+06  1.910059  4.970512e-03      NaN
349  Temperature       0  2.0  1.0   46  307.260953  2.778496e+06  2.000000  1.744414e-03      NaN
350  Temperature       0  2.0  1.0   47  307.261375  2.669752e+06  2.000000  4.433972e-03      NaN
351  Temperature       0  2.0  1.0   48  307.251754  2.803366e+06  2.000000  3.456691e-03      NaN
352  Temperature       0  2.0  1.0   49  307.258110  2.687095e+06  2.000000  5.209409e-03      NaN
353  Temperature       0  2.0  1.0   50  307.225816  4.845112e+05  1.764737  1.967281e-03      NaN
354  Temperature       0  2.0  1.0   51  307.231351  4.339184e+05  1.755744  4.853535e-03      NaN
355  Temperature       0  2.0  1.0   52  307.260389  2.811311e+06  2.000000  2.855239e-03      NaN
356  Temperature       0  2.0  1.0   53  307.250227  2.817915e+06  2.000000  3.365889e-03      NaN
357  Temperature       0  2.0  1.0   54  307.227519  2.453514e+05  1.676641  8.199014e-03      NaN
358  Temperature       0  2.0  1.0   55  307.252749  2.625291e+06  1.988086  5.194588e-03      NaN
359  Temperature       0  2.0  1.0   56  307.243914  6.029080e+05  1.798503  4.023040e-03      NaN
360  Temperature       0  2.0  1.0   57  307.234388  8.174230e+05  1.833150  5.115565e-03      NaN
361  Temperature       0  2.0  1.0   58  307.232015  9.382048e+05  1.854750  1.032060e-03      NaN
362  Temperature       0  2.0  1.0   59  307.258634  1.539505e+06  1.925293  2.209813e-04      NaN
363  Temperature       0  2.0  1.0   60  307.252655  2.822580e+06  2.000000  1.000370e-02      NaN
364  Temperature       0  2.0  1.0   61  307.233242  6.391021e+05  1.803087  5.014892e-03      NaN
365  Temperature       0  2.0  1.0   62  307.253617  2.089433e+06  1.960742  3.993099e-03      NaN
366  Temperature       0  2.0  1.0   63  307.244230  6.457050e+05  1.806878  4.051009e-03      NaN
367  Temperature       0  2.0  1.0   64  307.253077  2.713836e+06  2.000000  1.014574e-02      NaN
368  Temperature       0  2.0  1.0   65  307.231242  4.800303e+05  1.768616  3.769541e-03      NaN
369  Temperature       0  2.0  1.0   66  307.252730  2.803287e+06  2.000000  9.976277e-03      NaN
370  Temperature       0  2.0  1.0   67  307.250089  1.477614e+06  1.915820  4.862607e-03      NaN
371  Temperature       0  2.0  1.0   68  307.252382  2.893111e+06  2.000000  1.029332e-02      NaN
372  Temperature       0  2.0  1.0   69  307.256294  2.841500e+06  2.000000  5.210512e-03      NaN
373  Temperature       0  2.0  1.0   70  307.257185  2.112021e+06  1.965332  4.209875e-03      NaN
374  Temperature       0  2.0  1.0   71  307.246219  2.871023e+06  2.000000  6.803840e-03      NaN
375  Temperature       0  2.0  1.0   72  307.231351  4.339184e+05  1.755744  4.853535e-03      NaN
376  Temperature       0  2.0  1.0   73  307.237612  2.953026e+06  2.000000  1.295968e-03      NaN
377  Temperature       0  2.0  1.0   74  307.223930  1.905329e+05  1.647613  3.954801e-03      NaN
378  Temperature       0  2.0  1.0   75  307.245424  2.339431e+06  1.970215  6.864784e-03      NaN
379  Temperature       0  2.0  1.0   76  307.243552  1.724044e+06  1.934766  1.025563e-02      NaN
380  Temperature       0  2.0  1.0   77  307.233242  6.391021e+05  1.803087  5.014892e-03      NaN
381  Temperature       0  2.0  1.0   78  307.240767  1.915212e+06  1.949707  5.063520e-03      NaN
382  Temperature       0  2.0  1.0   79  307.257473  2.738988e+06  2.000000  5.753865e-03      NaN
383  Temperature       0  2.0  1.0   80  307.245028  8.920195e+05  1.851223  2.044134e-03      NaN
384  Temperature       0  2.0  1.0   81  307.242373  4.364216e+05  1.759006  3.890222e-03      NaN
385  Temperature       0  2.0  1.0   82  307.225854  2.902950e+05  1.699769  3.022407e-03      NaN
386  Temperature       0  2.0  1.0   83  307.250897  1.967501e+06  1.955078  1.320214e-04      NaN
387  Temperature       0  2.0  1.0   84  307.241753  2.931030e+06  2.000000  5.298194e-03      NaN
388  Temperature       0  2.0  1.0   85  307.249762  2.849026e+06  2.000000  1.408273e-14      NaN
389  Temperature       0  2.0  1.0   86  307.252044  2.840925e+06  2.000000  6.132714e-04      NaN
390  Temperature       0  2.0  1.0   87  307.234328  1.688669e+06  1.926172  7.942113e-04      NaN
391  Temperature       0  2.0  1.0   88  307.241118  1.747533e+06  1.938086  6.154595e-03      NaN
392  Temperature       0  2.0  1.0   89  307.233069  6.065995e+05  1.799296  4.006659e-03      NaN
393  Temperature       0  2.0  1.0   90  307.256933  2.789392e+06  2.000000  4.971974e-03      NaN
394  Temperature       0  2.0  1.0   91  307.243406  9.113295e+05  1.850694  7.786890e-05      NaN
395  Temperature       0  2.0  1.0   92  307.225894  1.894577e+05  1.644859  8.081281e-03      NaN
396  Temperature       0  2.0  1.0   93  307.247148  2.856474e+06  2.000000  6.142594e-03      NaN
397  Temperature       0  2.0  1.0   94  307.252528  2.740282e+06  2.000000  2.689558e-03      NaN
398  Temperature       0  2.0  1.0   95  307.243125  9.967026e+05  1.862067  1.010039e-03      NaN
399  Temperature       0  2.0  1.0   96  307.246509  2.908582e+06  2.000000  6.224596e-03      NaN
400  Temperature       0  2.0  1.0   97  307.260680  2.849026e+06  2.000000  1.408273e-14      NaN
401  Temperature       0  2.0  1.0   98  307.259906  2.243231e+06  1.970996  8.493448e-05      NaN
402  Temperature       0  2.0  1.0   99  307.246450  1.284050e+06  1.895481  1.897327e-03      NaN
403  Temperature       0  2.0  1.0  100  307.248768  2.042019e+06  1.956836  8.748254e-04      NaN
404  Temperature       0  inf  0.0    0  307.244136  2.896378e+06  2.000000  7.602964e-03      NaN
405  Temperature       0  inf  0.0    1  307.244277  2.882256e+06  2.000000  7.571348e-03      NaN
406  Temperature       0  inf  0.0    2  307.246805  2.810268e+06  2.000000  5.988639e-03      NaN
407  Temperature       0  inf  0.0    3  307.232426  6.681350e+05  1.807142  4.819028e-03      NaN
408  Temperature       0  inf  0.0    4  307.248775  2.910501e+06  2.000000  2.963600e-04      NaN
409  Temperature       0  inf  0.0    5  307.233012  5.799387e+05  1.789863  6.032954e-03      NaN
410  Temperature       0  inf  0.0    6  307.230296  4.364019e+05  1.755127  4.623575e-03      NaN
411  Temperature       0  inf  0.0    7  307.251497  2.698539e+06  1.991406  2.680002e-05      NaN
412  Temperature       0  inf  0.0    8  307.250263  1.897702e+06  1.948633  1.604445e-04      NaN
413  Temperature       0  inf  0.0    9  307.227708  9.398327e+05  1.848755  1.351525e-03      NaN
414  Temperature       0  inf  0.0   10  307.244277  2.882256e+06  2.000000  7.571351e-03      NaN
415  Temperature       0  inf  0.0   11  307.244136  2.896378e+06  2.000000  7.602944e-03      NaN
416  Temperature       0  inf  0.0   12  307.244136  2.896378e+06  2.000000  7.602956e-03      NaN
417  Temperature       0  inf  0.0   13  307.245078  2.824748e+06  2.000000  4.981576e-03      NaN
418  Temperature       0  inf  0.0   14  307.251739  2.896378e+06  2.000000  5.013083e-09      NaN
419  Temperature       0  inf  0.0   15  307.244136  2.896378e+06  2.000000  7.602956e-03      NaN
420  Temperature       0  inf  0.0   16  307.250460  2.896378e+06  2.000000  1.278527e-03      NaN
421  Temperature       0  inf  0.0   17  307.236533  2.896378e+06  2.000000  2.524998e-14      NaN
422  Temperature       0  inf  0.0   18  307.250460  2.896379e+06  2.000000  1.278525e-03      NaN
423  Temperature       0  inf  0.0   19  307.242247  2.957305e+06  2.000000  6.460731e-03      NaN
424  Temperature       0  inf  0.0   20  307.251739  2.896378e+06  2.000000  2.524998e-14      NaN
425  Temperature       0  inf  0.0   21  307.244136  2.896378e+06  2.000000  7.602971e-03      NaN
426  Temperature       0  inf  0.0   22  307.248990  1.900754e+06  1.948828  1.118702e-03      NaN
427  Temperature       0  inf  0.0   23  307.234401  8.558735e+05  1.839648  5.086479e-03      NaN
428  Temperature       0  inf  0.0   24  307.244136  2.896379e+06  2.000000  7.602956e-03      NaN
429  Temperature       0  inf  0.0   25  307.232426  6.681349e+05  1.807142  4.819029e-03      NaN
430  Temperature       0  inf  0.0   26  307.244136  2.896379e+06  2.000000  7.602945e-03      NaN
431  Temperature       0  inf  0.0   27  307.248822  2.210548e+06  1.964648  1.030105e-03      NaN
432  Temperature       0  inf  0.0   28  307.233012  5.799388e+05  1.789863  6.032953e-03      NaN
433  Temperature       0  inf  0.0   29  307.227394  8.780605e+05  1.840468  1.382015e-03      NaN
434  Temperature       0  inf  0.0   30  307.250460  2.896378e+06  2.000000  1.278534e-03      NaN
435  Temperature       0  inf  0.0   31  307.233012  5.799388e+05  1.789863  6.032968e-03      NaN
436  Temperature       0  inf  0.0   32  307.244136  2.896378e+06  2.000000  7.602957e-03      NaN
437  Temperature       0  inf  0.0   33  307.244136  2.896378e+06  2.000000  7.602942e-03      NaN
438  Temperature       0  inf  0.0   34  307.244136  2.896378e+06  2.000000  7.602977e-03      NaN
439  Temperature       0  inf  0.0   35  307.250460  2.896381e+06  2.000000  1.278516e-03      NaN
440  Temperature       0  inf  0.0   36  307.244542  2.882255e+06  2.000000  7.306605e-03      NaN
441  Temperature       0  inf  0.0   37  307.229294  1.124491e+06  1.872911  1.118651e-03      NaN
442  Temperature       0  inf  0.0   38  307.243901  2.702802e+06  1.991602  7.576966e-03      NaN
443  Temperature       0  inf  0.0   39  307.246243  1.554912e+06  1.921875  3.866922e-04      NaN
444  Temperature       0  inf  0.0   40  307.244136  2.896378e+06  2.000000  7.602953e-03      NaN
445  Temperature       0  inf  0.0   41  307.233360  6.224708e+05  1.798503  6.065281e-03      NaN
446  Temperature       0  inf  0.0   42  307.246805  2.810268e+06  2.000000  5.988639e-03      NaN
447  Temperature       0  inf  0.0   43  307.243557  2.826530e+06  2.000000  6.168183e-03      NaN
448  Temperature       0  inf  0.0   44  307.250263  1.897703e+06  1.948633  1.604327e-04      NaN
449  Temperature       0  inf  0.0   45  307.232403  5.597227e+05  1.787835  4.897491e-03      NaN
450  Temperature       0  inf  0.0   46  307.242247  2.957305e+06  2.000000  6.460732e-03      NaN
451  Temperature       0  inf  0.0   47  307.229589  1.203676e+06  1.881198  1.088854e-03      NaN
452  Temperature       0  inf  0.0   48  307.250263  1.897703e+06  1.948633  1.604309e-04      NaN
453  Temperature       0  inf  0.0   49  307.225750  6.215724e+05  1.798326  1.538331e-03      NaN
454  Temperature       0  inf  0.0   50  307.251935  2.505172e+06  1.984961  9.061331e-05      NaN
455  Temperature       0  inf  0.0   51  307.235025  7.424181e+05  1.822306  6.302404e-03      NaN
456  Temperature       0  inf  0.0   52  307.250460  2.896378e+06  2.000000  1.278523e-03      NaN
457  Temperature       0  inf  0.0   53  307.244746  2.835451e+06  2.000000  7.466658e-03      NaN
458  Temperature       0  inf  0.0   54  307.251935  2.505172e+06  1.984961  9.062855e-05      NaN
459  Temperature       0  inf  0.0   55  307.251739  2.896378e+06  2.000000  2.053098e-08      NaN
460  Temperature       0  inf  0.0   56  307.245078  2.824748e+06  2.000000  4.981576e-03      NaN
461  Temperature       0  inf  0.0   57  307.250909  2.881898e+06  2.000000  1.007044e-03      NaN
462  Temperature       0  inf  0.0   58  307.246551  2.812395e+06  2.000000  5.840609e-03      NaN
463  Temperature       0  inf  0.0   59  307.225750  6.215724e+05  1.798326  1.538331e-03      NaN
464  Temperature       0  inf  0.0   60  307.244136  2.896378e+06  2.000000  7.602951e-03      NaN
465  Temperature       0  inf  0.0   61  307.248826  2.212312e+06  1.964746  1.030109e-03      NaN
466  Temperature       0  inf  0.0   62  307.234401  8.558735e+05  1.839648  5.086479e-03      NaN
467  Temperature       0  inf  0.0   63  307.250460  2.896378e+06  2.000000  1.278523e-03      NaN
468  Temperature       0  inf  0.0   64  307.251739  2.896378e+06  2.000000  1.829392e-08      NaN
469  Temperature       0  inf  0.0   65  307.244584  2.881898e+06  2.000000  7.331493e-03      NaN
470  Temperature       0  inf  0.0   66  307.244136  2.896378e+06  2.000000  7.602953e-03      NaN
471  Temperature       0  inf  0.0   67  307.250460  2.896379e+06  2.000000  1.278525e-03      NaN
472  Temperature       0  inf  0.0   68  307.233012  5.799387e+05  1.789863  6.032954e-03      NaN
473  Temperature       0  inf  0.0   69  307.244136  2.896378e+06  2.000000  7.602967e-03      NaN
474  Temperature       0  inf  0.0   70  307.246551  2.812395e+06  2.000000  5.840609e-03      NaN
475  Temperature       0  inf  0.0   71  307.244977  2.812397e+06  2.000000  7.415086e-03      NaN
476  Temperature       0  inf  0.0   72  307.250460  2.896378e+06  2.000000  1.278534e-03      NaN
477  Temperature       0  inf  0.0   73  307.229589  1.203676e+06  1.881198  1.088854e-03      NaN
478  Temperature       0  inf  0.0   74  307.248775  2.910501e+06  2.000000  2.963600e-04      NaN
479  Temperature       0  inf  0.0   75  307.251497  2.698539e+06  1.991406  2.678510e-05      NaN
480  Temperature       0  inf  0.0   76  307.250893  2.688897e+06  1.993555  1.161848e-03      NaN
481  Temperature       0  inf  0.0   77  307.233325  5.203597e+05  1.778931  6.143211e-03      NaN
482  Temperature       0  inf  0.0   78  307.250460  2.896378e+06  2.000000  1.278531e-03      NaN
483  Temperature       0  inf  0.0   79  307.233360  6.224708e+05  1.798503  6.065297e-03      NaN
484  Temperature       0  inf  0.0   80  307.250601  2.882257e+06  2.000000  1.246935e-03      NaN
485  Temperature       0  inf  0.0   81  307.244136  2.896377e+06  2.000000  7.602966e-03      NaN
486  Temperature       0  inf  0.0   82  307.244136  2.896379e+06  2.000000  7.602947e-03      NaN
487  Temperature       0  inf  0.0   83  307.251497  2.698539e+06  1.991406  2.680236e-05      NaN
488  Temperature       0  inf  0.0   84  307.232426  6.681349e+05  1.807142  4.819029e-03      NaN
489  Temperature       0  inf  0.0   85  307.244136  2.896379e+06  2.000000  7.602956e-03      NaN
490  Temperature       0  inf  0.0   86  307.233360  6.224708e+05  1.798503  6.065281e-03      NaN
491  Temperature       0  inf  0.0   87  307.244136  2.896379e+06  2.000000  7.602959e-03      NaN
492  Temperature       0  inf  0.0   88  307.244136  2.896378e+06  2.000000  7.602942e-03      NaN
493  Temperature       0  inf  0.0   89  307.251739  2.896378e+06  2.000000  2.062374e-08      NaN
494  Temperature       0  inf  0.0   90  307.244136  2.896379e+06  2.000000  7.602959e-03      NaN
495  Temperature       0  inf  0.0   91  307.242247  2.957305e+06  2.000000  6.460732e-03      NaN
496  Temperature       0  inf  0.0   92  307.244136  2.896379e+06  2.000000  7.602947e-03      NaN
497  Temperature       0  inf  0.0   93  307.242247  2.957306e+06  2.000000  6.460733e-03      NaN
498  Temperature       0  inf  0.0   94  307.242408  2.910859e+06  2.000000  6.595920e-03      NaN
499  Temperature       0  inf  0.0   95  307.244136  2.896378e+06  2.000000  7.602959e-03      NaN
500  Temperature       0  inf  0.0   96  307.230296  4.364019e+05  1.755127  4.623575e-03      NaN
501  Temperature       0  inf  0.0   97  307.244136  2.896378e+06  2.000000  7.602948e-03      NaN
502  Temperature       0  inf  0.0   98  307.247544  2.210542e+06  1.964648  2.487496e-04      NaN
503  Temperature       0  inf  0.0   99  307.244136  2.896378e+06  2.000000  7.602941e-03      NaN
504  Temperature       0  inf  0.0  100  307.244977  2.812397e+06  2.000000  7.415086e-03      NaN
505  Temperature       0  inf  1.0    0  307.248891  2.822079e+06  2.000000  3.425102e-03      NaN
506  Temperature       0  inf  1.0    1  307.246491  2.742900e+06  2.000000  4.216557e-03      NaN
507  Temperature       0  inf  1.0    2  307.234638  1.367796e+06  1.901299  8.063988e-04      NaN
508  Temperature       0  inf  1.0    3  307.237122  2.296457e+06  1.966016  5.268308e-04      NaN
509  Temperature       0  inf  1.0    4  307.242196  8.600261e+05  1.840644  2.329638e-04      NaN
510  Temperature       0  inf  1.0    5  307.238023  2.934212e+06  2.000000  1.333496e-03      NaN
511  Temperature       0  inf  1.0    6  307.226191  4.819648e+05  1.763414  1.859307e-03      NaN
512  Temperature       0  inf  1.0    7  307.246606  2.731120e+06  2.000000  4.193186e-03      NaN
513  Temperature       0  inf  1.0    8  307.224028  2.173713e+05  1.661144  1.841124e-03      NaN
514  Temperature       0  inf  1.0    9  307.245051  2.828610e+05  1.711046  5.669300e-03      NaN
515  Temperature       0  inf  1.0   10  307.261038  2.594491e+06  2.000000  6.500232e-03      NaN
516  Temperature       0  inf  1.0   11  307.210098  2.442916e+04  1.384847  7.203045e-03      NaN
517  Temperature       0  inf  1.0   12  307.262340  2.628457e+06  2.000000  4.934325e-03      NaN
518  Temperature       0  inf  1.0   13  307.225119  6.666523e+04  1.520407  8.574356e-03      NaN
519  Temperature       0  inf  1.0   14  307.261123  2.585867e+06  2.000000  6.483118e-03      NaN
520  Temperature       0  inf  1.0   15  307.240408  5.753326e+05  1.791802  3.787182e-04      NaN
521  Temperature       0  inf  1.0   16  307.262335  2.562779e+06  2.000000  5.450839e-03      NaN
522  Temperature       0  inf  1.0   17  307.247349  2.781835e+06  2.000000  5.280266e-03      NaN
523  Temperature       0  inf  1.0   18  307.246491  2.742899e+06  2.000000  4.216536e-03      NaN
524  Temperature       0  inf  1.0   19  307.252140  2.739129e+06  2.000000  8.219075e-04      NaN
525  Temperature       0  inf  1.0   20  307.233387  4.908356e+05  1.773024  2.982886e-03      NaN
526  Temperature       0  inf  1.0   21  307.233533  1.390666e+05  1.618585  9.421135e-03      NaN
527  Temperature       0  inf  1.0   22  307.248891  2.822079e+06  2.000000  3.425102e-03      NaN
528  Temperature       0  inf  1.0   23  307.228141  1.038561e+05  1.574767  8.760236e-03      NaN
529  Temperature       0  inf  1.0   24  307.242744  1.121591e+06  1.874146  1.050283e-03      NaN
530  Temperature       0  inf  1.0   25  307.237091  1.716311e+05  1.636914  4.641336e-03      NaN
531  Temperature       0  inf  1.0   26  307.260228  2.677500e+06  2.000000  6.664919e-03      NaN
532  Temperature       0  inf  1.0   27  307.234830  1.189465e+05  1.592074  4.491212e-03      NaN
533  Temperature       0  inf  1.0   28  307.257553  2.503530e+06  2.000000  1.069339e-02      NaN
534  Temperature       0  inf  1.0   29  307.231875  4.125626e+05  1.750014  2.804121e-03      NaN
535  Temperature       0  inf  1.0   30  307.261038  2.594492e+06  2.000000  6.500230e-03      NaN
536  Temperature       0  inf  1.0   31  307.249097  2.730583e+06  2.000000  1.706656e-03      NaN
537  Temperature       0  inf  1.0   32  307.239321  1.627746e+05  1.633453  3.836089e-03      NaN
538  Temperature       0  inf  1.0   33  307.260228  2.677502e+06  2.000000  6.664925e-03      NaN
539  Temperature       0  inf  1.0   34  307.238023  2.934212e+06  2.000000  1.333496e-03      NaN
540  Temperature       0  inf  1.0   35  307.261825  2.615005e+06  2.000000  5.554453e-03      NaN
541  Temperature       0  inf  1.0   36  307.240673  6.096980e+05  1.798855  3.575301e-04      NaN
542  Temperature       0  inf  1.0   37  307.241316  7.983503e+05  1.832886  1.170869e-03      NaN
543  Temperature       0  inf  1.0   38  307.252140  2.739129e+06  2.000000  8.219075e-04      NaN
544  Temperature       0  inf  1.0   39  307.261014  2.698017e+06  2.000000  5.719144e-03      NaN
545  Temperature       0  inf  1.0   40  307.244438  8.500113e+05  1.842407  1.037777e-03      NaN
546  Temperature       0  inf  1.0   41  307.260924  2.606272e+06  2.000000  6.523603e-03      NaN
547  Temperature       0  inf  1.0   42  307.260987  2.697285e+06  2.000000  5.752858e-03      NaN
548  Temperature       0  inf  1.0   43  307.260924  2.606271e+06  2.000000  6.523602e-03      NaN
549  Temperature       0  inf  1.0   44  307.263192  2.585152e+06  2.000000  4.419340e-03      NaN
550  Temperature       0  inf  1.0   45  307.261038  2.594492e+06  2.000000  6.500239e-03      NaN
551  Temperature       0  inf  1.0   46  307.225567  7.103197e+04  1.528196  8.601191e-03      NaN
552  Temperature       0  inf  1.0   47  307.251097  2.709948e+06  2.000000  2.091648e-03      NaN
553  Temperature       0  inf  1.0   48  307.250245  2.753249e+06  2.000000  2.606568e-03      NaN
554  Temperature       0  inf  1.0   49  307.258063  2.451300e+06  2.000000  1.058977e-02      NaN
555  Temperature       0  inf  1.0   50  307.239185  2.875150e+06  2.000000  6.311194e-04      NaN
556  Temperature       0  inf  1.0   51  307.257438  2.515310e+06  2.000000  1.071680e-02      NaN
557  Temperature       0  inf  1.0   52  307.233111  4.628530e+05  1.765883  2.961419e-03      NaN
558  Temperature       0  inf  1.0   53  307.225119  6.666523e+04  1.520407  8.574356e-03      NaN
559  Temperature       0  inf  1.0   54  307.234638  1.367796e+06  1.901299  8.063988e-04      NaN
560  Temperature       0  inf  1.0   55  307.261548  2.542265e+06  2.000000  6.396620e-03      NaN
561  Temperature       0  inf  1.0   56  307.239074  8.259707e+05  1.843555  4.573895e-03      NaN
562  Temperature       0  inf  1.0   57  307.246064  1.267649e+06  1.890896  8.988795e-04      NaN
563  Temperature       0  inf  1.0   58  307.258062  2.451303e+06  2.000000  1.058981e-02      NaN
564  Temperature       0  inf  1.0   59  307.236016  2.173608e+05  1.673136  9.591461e-03      NaN
565  Temperature       0  inf  1.0   60  307.248669  2.646600e+06  2.000000  5.011959e-03      NaN
566  Temperature       0  inf  1.0   61  307.260924  2.606270e+06  2.000000  6.523603e-03      NaN
567  Temperature       0  inf  1.0   62  307.243336  6.569269e+05  1.811110  1.128563e-03      NaN
568  Temperature       0  inf  1.0   63  307.239387  1.033109e+06  1.872070  3.736888e-03      NaN
569  Temperature       0  inf  1.0   64  307.261825  2.615007e+06  2.000000  5.554453e-03      NaN
570  Temperature       0  inf  1.0   65  307.233902  1.483107e+05  1.626451  9.445786e-03      NaN
571  Temperature       0  inf  1.0   66  307.227818  6.717725e+05  1.803792  1.730722e-03      NaN
572  Temperature       0  inf  1.0   67  307.246606  2.731120e+06  2.000000  4.193186e-03      NaN
573  Temperature       0  inf  1.0   68  307.246856  4.813250e+05  1.773817  5.743353e-03      NaN
574  Temperature       0  inf  1.0   69  307.249104  4.688191e+05  1.773905  4.938780e-03      NaN
575  Temperature       0  inf  1.0   70  307.261038  2.594491e+06  2.000000  6.500232e-03      NaN
576  Temperature       0  inf  1.0   71  307.249900  2.831846e+06  2.000000  1.161620e-04      NaN
577  Temperature       0  inf  1.0   72  307.265781  2.640857e+06  2.000000  1.759273e-03      NaN
578  Temperature       0  inf  1.0   73  307.242196  8.600261e+05  1.840644  2.329638e-04      NaN
579  Temperature       0  inf  1.0   74  307.232608  8.474057e+04  1.550537  4.350799e-03      NaN
580  Temperature       0  inf  1.0   75  307.262148  2.638224e+06  2.000000  5.050489e-03      NaN
581  Temperature       0  inf  1.0   76  307.264187  2.676649e+06  2.000000  2.712684e-03      NaN
582  Temperature       0  inf  1.0   77  307.251530  2.801563e+06  2.000000  9.457750e-04      NaN
583  Temperature       0  inf  1.0   78  307.251097  2.709948e+06  2.000000  2.091648e-03      NaN
584  Temperature       0  inf  1.0   79  307.245816  2.938879e+06  2.000000  5.591843e-03      NaN
585  Temperature       0  inf  1.0   80  307.246606  2.731120e+06  2.000000  4.193186e-03      NaN
586  Temperature       0  inf  1.0   81  307.258062  2.451303e+06  2.000000  1.058981e-02      NaN
587  Temperature       0  inf  1.0   82  307.251296  2.053340e+06  1.961523  9.650570e-05      NaN
588  Temperature       0  inf  1.0   83  307.248891  2.822079e+06  2.000000  3.425102e-03      NaN
589  Temperature       0  inf  1.0   84  307.221874  1.534331e+05  1.618585  1.694245e-03      NaN
590  Temperature       0  inf  1.0   85  307.249097  2.730583e+06  2.000000  1.706656e-03      NaN
591  Temperature       0  inf  1.0   86  307.261825  2.615005e+06  2.000000  5.554453e-03      NaN
592  Temperature       0  inf  1.0   87  307.239074  8.259707e+05  1.843555  4.573895e-03      NaN
593  Temperature       0  inf  1.0   88  307.234421  1.293309e+06  1.894511  8.254955e-04      NaN
594  Temperature       0  inf  1.0   89  307.233902  1.483107e+05  1.626451  9.445786e-03      NaN
595  Temperature       0  inf  1.0   90  307.252133  2.662723e+06  1.992969  1.761261e-05      NaN
596  Temperature       0  inf  1.0   91  307.248914  2.316617e+06  1.974023  1.644528e-04      NaN
597  Temperature       0  inf  1.0   92  307.243953  8.656607e+05  1.845934  1.943270e-03      NaN
598  Temperature       0  inf  1.0   93  307.244982  1.116343e+06  1.876790  1.855446e-03      NaN
599  Temperature       0  inf  1.0   94  307.250245  2.753250e+06  2.000000  2.606583e-03      NaN
600  Temperature       0  inf  1.0   95  307.223545  6.060954e+04  1.506955  8.406929e-03      NaN
601  Temperature       0  inf  1.0   96  307.252793  8.659541e+05  1.856152  6.549403e-03      NaN
602  Temperature       0  inf  1.0   97  307.231875  4.125626e+05  1.750014  2.804121e-03      NaN
603  Temperature       0  inf  1.0   98  307.257438  2.515310e+06  2.000000  1.071676e-02      NaN
604  Temperature       0  inf  1.0   99  307.262335  2.562779e+06  2.000000  5.450839e-03      NaN
605  Temperature       0  inf  1.0  100  307.233533  1.390666e+05  1.618585  9.421135e-03      NaN