             QOI  subset    p    s    b       beta0     beta1    gamma1  objective  p-value
0    Temperature       0  1.0  0.0    0  305.630053  2.211359  1.055178   0.013372      NaN
1    Temperature       0  1.0  0.0    1  305.764916  3.218467  1.577441   0.008140      NaN
2    Temperature       0  1.0  0.0    2  305.670035  2.239900  1.121422   0.008049      NaN
3    Temperature       0  1.0  0.0    3  305.581254  2.247008  0.971521   0.004926      NaN
4    Temperature       0  1.0  0.0    4  305.737843  2.652503  1.365617   0.009197      NaN
5    Temperature       0  1.0  0.0    5  305.356980  1.909684  0.619984   0.011493      NaN
6    Temperature       0  1.0  0.0    6  305.525673  2.195338  0.884684   0.003052      NaN
7    Temperature       0  1.0  0.0    7  305.631431  2.354598  1.099692   0.008442      NaN
8    Temperature       0  1.0  0.0    8  305.631429  2.354608  1.099692   0.008147      NaN
9    Temperature       0  1.0  0.0    9  305.716961  2.350287  1.236366   0.011550      NaN
10   Temperature       0  1.0  0.0   10  305.506810  2.019871  0.834798   0.011231      NaN
11   Temperature       0  1.0  0.0   11  305.632424  2.359372  1.103004   0.006718      NaN
12   Temperature       0  1.0  0.0   12  305.592139  2.187811  0.969413   0.007603      NaN
13   Temperature       0  1.0  0.0   13  305.657346  2.309876  1.135270   0.006386      NaN
14   Temperature       0  1.0  0.0   14  305.561484  2.133861  0.933832   0.005416      NaN
15   Temperature       0  1.0  0.0   15  305.563470  2.109657  0.932126   0.006077      NaN
16   Temperature       0  1.0  0.0   16  305.654484  2.516040  1.188683   0.006097      NaN
17   Temperature       0  1.0  0.0   17  305.681039  2.246033  1.109227   0.008528      NaN
18   Temperature       0  1.0  0.0   18  305.713362  2.597726  1.300700   0.013057      NaN
19   Temperature       0  1.0  0.0   19  305.630053  2.211359  1.055178   0.011079      NaN
20   Temperature       0  1.0  0.0   20  305.654437  2.114645  1.042181   0.006778      NaN
21   Temperature       0  1.0  0.0   21  305.633535  1.968026  0.964846   0.009056      NaN
22   Temperature       0  1.0  0.0   22  305.606886  2.018198  0.933230   0.008970      NaN
23   Temperature       0  1.0  0.0   23  305.554671  1.990038  0.862630   0.006297      NaN
24   Temperature       0  1.0  0.0   24  305.461947  1.975268  0.750195   0.005738      NaN
25   Temperature       0  1.0  0.0   25  305.614452  2.075286  0.993301   0.009539      NaN
26   Temperature       0  1.0  0.0   26  305.630053  2.211359  1.055178   0.012506      NaN
27   Temperature       0  1.0  0.0   27  305.652558  2.027201  0.997015   0.012600      NaN
28   Temperature       0  1.0  0.0   28  305.652437  2.212504  1.056182   0.008278      NaN
29   Temperature       0  1.0  0.0   29  305.762025  2.870629  1.457617   0.005068      NaN
30   Temperature       0  1.0  0.0   30  305.469112  1.955131  0.740885   0.011413      NaN
31   Temperature       0  1.0  0.0   31  305.624770  2.161519  1.033348   0.013336      NaN
32   Temperature       0  1.0  0.0   32  305.700112  2.530944  1.264176   0.011852      NaN
33   Temperature       0  1.0  0.0   33  305.523674  1.980284  0.821370   0.005696      NaN
34   Temperature       0  1.0  0.0   34  305.667176  2.247732  1.099391   0.007111      NaN
35   Temperature       0  1.0  0.0   35  305.655850  2.088519  1.055078   0.007930      NaN
36   Temperature       0  1.0  0.0   36  305.772271  2.825488  1.481413   0.009558      NaN
37   Temperature       0  1.0  0.0   37  305.535887  1.987745  0.832113   0.007337      NaN
38   Temperature       0  1.0  0.0   38  305.584483  2.295510  1.008758   0.007685      NaN
39   Temperature       0  1.0  0.0   39  305.642389  2.346200  1.110145   0.009972      NaN
40   Temperature       0  1.0  0.0   40  305.558499  1.838005  0.800374   0.011383      NaN
41   Temperature       0  1.0  0.0   41  305.673186  2.479268  1.198470   0.004395      NaN
42   Temperature       0  1.0  0.0   42  305.673548  2.248894  1.138851   0.004896      NaN
43   Temperature       0  1.0  0.0   43  305.343074  1.967199  0.636456   0.012395      NaN
44   Temperature       0  1.0  0.0   44  305.728969  2.554462  1.314605   0.008065      NaN
45   Temperature       0  1.0  0.0   45  305.571082  2.111338  0.915446   0.004905      NaN
46   Temperature       0  1.0  0.0   46  305.646104  2.211359  1.055178   0.005423      NaN
47   Temperature       0  1.0  0.0   47  305.662834  2.401815  1.160574   0.005775      NaN
48   Temperature       0  1.0  0.0   48  305.553397  1.988051  0.860107   0.007206      NaN
49   Temperature       0  1.0  0.0   49  305.598436  1.973692  0.907878   0.010940      NaN
50   Temperature       0  1.0  0.0   50  305.563280  2.159354  0.921989   0.014177      NaN
51   Temperature       0  1.0  0.0   51  305.562491  2.065227  0.902018   0.007419      NaN
52   Temperature       0  1.0  0.0   52  305.732650  2.593235  1.335181   0.005941      NaN
53   Temperature       0  1.0  0.0   53  305.630053  2.211359  1.055178   0.009488      NaN
54   Temperature       0  1.0  0.0   54  305.555856  2.073718  0.872507   0.011901      NaN
55   Temperature       0  1.0  0.0   55  305.726372  2.740085  1.373088   0.009445      NaN
56   Temperature       0  1.0  0.0   56  305.618519  2.320435  1.048805   0.011674      NaN
57   Temperature       0  1.0  0.0   57  305.654206  2.387496  1.143152   0.004796      NaN
58   Temperature       0  1.0  0.0   58  305.716973  2.350390  1.236426   0.008674      NaN
59   Temperature       0  1.0  0.0   59  305.630053  2.211357  1.055178   0.007063      NaN
60   Temperature       0  1.0  0.0   60  305.583481  2.037124  0.935037   0.006150      NaN
61   Temperature       0  1.0  0.0   61  305.636353  2.317411  1.089906   0.006073      NaN
62   Temperature       0  1.0  0.0   62  305.688695  2.616568  1.260297   0.006429      NaN
63   Temperature       0  1.0  0.0   63  305.439826  1.962626  0.720215   0.013864      NaN
64   Temperature       0  1.0  0.0   64  305.603745  2.271028  1.021204   0.009476      NaN
65   Temperature       0  1.0  0.0   65  305.637483  2.281777  1.096530   0.002950      NaN
66   Temperature       0  1.0  0.0   66  305.734773  2.720813  1.363680   0.006049      NaN
67   Temperature       0  1.0  0.0   67  305.363267  2.006414  0.665156   0.012994      NaN
68   Temperature       0  1.0  0.0   68  305.676761  2.346817  1.177762   0.008968      NaN
69   Temperature       0  1.0  0.0   69  305.602061  2.135339  0.991946   0.008887      NaN
70   Temperature       0  1.0  0.0   70  305.631746  2.085024  0.997968   0.005019      NaN
71   Temperature       0  1.0  0.0   71  305.612713  2.211359  1.055178   0.003183      NaN
72   Temperature       0  1.0  0.0   72  305.682720  2.223517  1.140191   0.008615      NaN
73   Temperature       0  1.0  0.0   73  305.532945  1.876979  0.791016   0.006440      NaN
74   Temperature       0  1.0  0.0   74  305.691609  2.297937  1.177224   0.004092      NaN
75   Temperature       0  1.0  0.0   75  305.652559  2.027198  0.997015   0.005323      NaN
76   Temperature       0  1.0  0.0   76  305.542214  2.160576  0.905111   0.008652      NaN
77   Temperature       0  1.0  0.0   77  305.535895  2.100935  0.869629   0.004729      NaN
78   Temperature       0  1.0  0.0   78  305.501929  1.976552  0.794759   0.006293      NaN
79   Temperature       0  1.0  0.0   79  305.646556  2.398465  1.130078   0.004692      NaN
80   Temperature       0  1.0  0.0   80  305.681531  2.723561  1.304579   0.003544      NaN
81   Temperature       0  1.0  0.0   81  305.691610  2.297931  1.177224   0.007016      NaN
82   Temperature       0  1.0  0.0   82  305.673255  2.101135  1.061251   0.007042      NaN
83   Temperature       0  1.0  0.0   83  305.637022  2.142251  1.055178   0.011233      NaN
84   Temperature       0  1.0  0.0   84  305.536150  1.987793  0.832438   0.013063      NaN
85   Temperature       0  1.0  0.0   85  305.743612  2.835702  1.418188   0.007380      NaN
86   Temperature       0  1.0  0.0   86  305.566758  2.030691  0.911133   0.011895      NaN
87   Temperature       0  1.0  0.0   87  305.508602  1.946932  0.787028   0.012591      NaN
88   Temperature       0  1.0  0.0   88  305.678720  2.400606  1.159977   0.007948      NaN
89   Temperature       0  1.0  0.0   89  305.627437  2.171404  1.041428   0.005963      NaN
90   Temperature       0  1.0  0.0   90  305.613379  1.958697  0.933512   0.009926      NaN
91   Temperature       0  1.0  0.0   91  305.676772  2.155175  1.100345   0.004600      NaN
92   Temperature       0  1.0  0.0   92  305.677689  2.478742  1.234277   0.012914      NaN
93   Temperature       0  1.0  0.0   93  305.721918  2.866541  1.398128   0.010895      NaN
94   Temperature       0  1.0  0.0   94  305.616499  1.988015  0.938148   0.011600      NaN
95   Temperature       0  1.0  0.0   95  305.686748  2.275406  1.130078   0.014119      NaN
96   Temperature       0  1.0  0.0   96  305.520097  2.185712  0.874105   0.011984      NaN
97   Temperature       0  1.0  0.0   97  305.732578  2.727179  1.377268   0.016010      NaN
98   Temperature       0  1.0  0.0   98  305.462376  2.006804  0.760010   0.010131      NaN
99   Temperature       0  1.0  0.0   99  305.515152  1.983468  0.826009   0.009390      NaN
100  Temperature       0  1.0  0.0  100  305.673352  2.108415  1.089003   0.009270      NaN
101  Temperature       0  1.0  1.0    0  305.700383  2.439019  1.249674   0.011330      NaN
102  Temperature       0  1.0  1.0    1  305.022112  1.880205  0.365799   0.019016      NaN
103  Temperature       0  1.0  1.0    2  305.572641  1.883040  0.842773   0.018269      NaN
104  Temperature       0  1.0  1.0    3  305.776811  2.896713  1.552425   0.008562      NaN
105  Temperature       0  1.0  1.0    4  305.714312  2.774735  1.354530   0.013054      NaN
106  Temperature       0  1.0  1.0    5  305.700185  2.436696  1.248600   0.011729      NaN
107  Temperature       0  1.0  1.0    6  305.739137  2.202759  1.231174   0.013741      NaN
108  Temperature       0  1.0  1.0    7  305.806975  3.000516  1.654457   0.018382      NaN
109  Temperature       0  1.0  1.0    8  305.693309  2.337785  1.208854   0.007025      NaN
110  Temperature       0  1.0  1.0    9  305.772530  2.954761  1.552189   0.008568      NaN
111  Temperature       0  1.0  1.0   10  305.724707  3.096657  1.479960   0.010879      NaN
112  Temperature       0  1.0  1.0   11  305.748072  3.332113  1.587511   0.002453      NaN
113  Temperature       0  1.0  1.0   12  305.794140  2.771000  1.552110   0.011886      NaN
114  Temperature       0  1.0  1.0   13  305.739155  2.134460  1.184744   0.012601      NaN
115  Temperature       0  1.0  1.0   14  305.802216  3.455293  1.706462   0.008643      NaN
116  Temperature       0  1.0  1.0   15  305.700309  2.437705  1.249197   0.006938      NaN
117  Temperature       0  1.0  1.0   16  305.652363  2.242118  1.122677   0.017898      NaN
118  Temperature       0  1.0  1.0   17  305.709715  2.723586  1.329370   0.005747      NaN
119  Temperature       0  1.0  1.0   18  305.635554  2.196483  1.070334   0.018790      NaN
120  Temperature       0  1.0  1.0   19  305.617610  2.181717  1.025369   0.004827      NaN
121  Temperature       0  1.0  1.0   20  305.700655  2.441262  1.250987   0.001101      NaN
122  Temperature       0  1.0  1.0   21  305.782614  2.874922  1.540487   0.014291      NaN
123  Temperature       0  1.0  1.0   22  305.621717  2.069731  1.012672   0.009975      NaN
124  Temperature       0  1.0  1.0   23  305.723738  2.195128  1.177344   0.010747      NaN
125  Temperature       0  1.0  1.0   24  305.714628  2.776236  1.355518   0.017253      NaN
126  Temperature       0  1.0  1.0   25  305.654323  2.347021  1.147167   0.008906      NaN
127  Temperature       0  1.0  1.0   26  305.617004  2.179596  1.023612   0.006159      NaN
128  Temperature       0  1.0  1.0   27  305.698163  2.401723  1.236127   0.004226      NaN
129  Temperature       0  1.0  1.0   28  305.333759  1.867998  0.566702   0.014710      NaN
130  Temperature       0  1.0  1.0   29  305.700382  2.439020  1.249674   0.008867      NaN
131  Temperature       0  1.0  1.0   30  305.772036  2.683467  1.453951   0.010395      NaN
132  Temperature       0  1.0  1.0   31  305.655900  2.164316  1.091863   0.005730      NaN
133  Temperature       0  1.0  1.0   32  305.597763  1.999532  0.912272   0.013315      NaN
134  Temperature       0  1.0  1.0   33  305.508358  1.838049  0.737280   0.010505      NaN
135  Temperature       0  1.0  1.0   34  305.703300  2.798395  1.347906   0.007076      NaN
136  Temperature       0  1.0  1.0   35  305.808405  4.104641  1.875027   0.009231      NaN
137  Temperature       0  1.0  1.0   36  305.717959  2.882468  1.384778   0.004388      NaN
138  Temperature       0  1.0  1.0   37  305.804654  3.823546  1.812609   0.013250      NaN
139  Temperature       0  1.0  1.0   38  305.787414  2.647152  1.478784   0.015442      NaN
140  Temperature       0  1.0  1.0   39  305.528018  1.902529  0.778646   0.012553      NaN
141  Temperature       0  1.0  1.0   40  305.461599  1.866184  0.685683   0.017770      NaN
142  Temperature       0  1.0  1.0   41  305.777879  2.648707  1.479338   0.016119      NaN
143  Temperature       0  1.0  1.0   42  305.645861  2.335649  1.077410   0.018861      NaN
144  Temperature       0  1.0  1.0   43  305.697863  2.369887  1.229145   0.008615      NaN
145  Temperature       0  1.0  1.0   44  305.534967  1.916785  0.804036   0.012787      NaN
146  Temperature       0  1.0  1.0   45  305.820115  4.315690  1.959766   0.007572      NaN
147  Temperature       0  1.0  1.0   46  305.700520  2.439429  1.250212   0.009425      NaN
148  Temperature       0  1.0  1.0   47  305.635556  2.196489  1.070340   0.006199      NaN
149  Temperature       0  1.0  1.0   48  305.670498  2.690671  1.251758   0.015047      NaN
150  Temperature       0  1.0  1.0   49  305.634735  2.190484  1.067173   0.010921      NaN
151  Temperature       0  1.0  1.0   50  305.726792  3.004970  1.439079   0.012782      NaN
152  Temperature       0  1.0  1.0   51  305.700345  2.438013  1.249376   0.004276      NaN
153  Temperature       0  1.0  1.0   52  305.655361  2.161787  1.089956   0.013646      NaN
154  Temperature       0  1.0  1.0   53  305.700336  2.440332  1.250152   0.011768      NaN
155  Temperature       0  1.0  1.0   54  305.614718  2.322782  1.045091   0.009723      NaN
156  Temperature       0  1.0  1.0   55  305.691914  2.439019  1.249674   0.009398      NaN
157  Temperature       0  1.0  1.0   56  305.798941  2.875463  1.581532   0.013848      NaN
158  Temperature       0  1.0  1.0   57  305.699928  2.436277  1.248063   0.015217      NaN
159  Temperature       0  1.0  1.0   58  305.739381  3.221857  1.527205   0.014429      NaN
160  Temperature       0  1.0  1.0   59  305.617580  2.181531  1.025269   0.016891      NaN
161  Temperature       0  1.0  1.0   60  305.709740  2.723885  1.329508   0.004721      NaN
162  Temperature       0  1.0  1.0   61  305.717959  2.882470  1.384778   0.005469      NaN
163  Temperature       0  1.0  1.0   62  305.674705  2.361075  1.181044   0.004295      NaN
164  Temperature       0  1.0  1.0   63  305.771852  2.680582  1.452568   0.008815      NaN
165  Temperature       0  1.0  1.0   64  305.795620  3.191203  1.667318   0.005425      NaN
166  Temperature       0  1.0  1.0   65  305.781595  2.829782  1.552268   0.014194      NaN
167  Temperature       0  1.0  1.0   66  305.699492  2.433454  1.246094   0.009034      NaN
168  Temperature       0  1.0  1.0   67  305.807632  4.064625  1.863919   0.017852      NaN
169  Temperature       0  1.0  1.0   68  305.708633  2.772957  1.332867   0.008503      NaN
170  Temperature       0  1.0  1.0   69  305.685331  2.571665  1.281901   0.009706      NaN
171  Temperature       0  1.0  1.0   70  305.593507  1.878676  0.912354   0.013427      NaN
172  Temperature       0  1.0  1.0   71  305.640512  2.343995  1.086343   0.007816      NaN
173  Temperature       0  1.0  1.0   72  305.812473  3.341637  1.741815   0.013602      NaN
174  Temperature       0  1.0  1.0   73  305.699965  2.436586  1.248242   0.007079      NaN
175  Temperature       0  1.0  1.0   74  305.780446  2.765631  1.511572   0.012656      NaN
176  Temperature       0  1.0  1.0   75  305.700519  2.439434  1.250212   0.013737      NaN
177  Temperature       0  1.0  1.0   76  305.801085  3.444535  1.701525   0.008707      NaN
178  Temperature       0  1.0  1.0   77  305.784071  2.903709  1.552897   0.011057      NaN
179  Temperature       0  1.0  1.0   78  305.745669  3.277414  1.567293   0.006414      NaN
180  Temperature       0  1.0  1.0   79  305.794516  3.181974  1.596243   0.009075      NaN
181  Temperature       0  1.0  1.0   80  305.506806  1.965576  0.787516   0.008847      NaN
182  Temperature       0  1.0  1.0   81  305.782139  2.622983  1.447103   0.014361      NaN
183  Temperature       0  1.0  1.0   82  305.601736  2.050648  0.965495   0.010403      NaN
184  Temperature       0  1.0  1.0   83  305.679450  2.519779  1.197157   0.011734      NaN
185  Temperature       0  1.0  1.0   84  305.702606  2.852660  1.353304   0.005114      NaN
186  Temperature       0  1.0  1.0   85  305.702606  2.852655  1.353304   0.003456      NaN
187  Temperature       0  1.0  1.0   86  305.697432  2.366545  1.227116   0.002359      NaN
188  Temperature       0  1.0  1.0   87  305.712315  2.814040  1.352751   0.013055      NaN
189  Temperature       0  1.0  1.0   88  305.700679  2.441460  1.251107   0.009427      NaN
190  Temperature       0  1.0  1.0   89  305.791108  2.777606  1.519527   0.008585      NaN
191  Temperature       0  1.0  1.0   90  305.772055  2.683764  1.454091   0.008905      NaN
192  Temperature       0  1.0  1.0   91  305.634963  2.192871  1.068191   0.006183      NaN
193  Temperature       0  1.0  1.0   92  305.611630  2.122426  1.000728   0.015220      NaN
194  Temperature       0  1.0  1.0   93  305.727037  3.006008  1.439771   0.011588      NaN
195  Temperature       0  1.0  1.0   94  305.506858  1.965619  0.787598   0.007933      NaN
196  Temperature       0  1.0  1.0   95  305.700089  2.438297  1.248958   0.013360      NaN
197  Temperature       0  1.0  1.0   96  305.700140  2.438705  1.249197   0.001114      NaN
198  Temperature       0  1.0  1.0   97  305.791356  2.947607  1.580116   0.014168      NaN
199  Temperature       0  1.0  1.0   98  305.764361  2.572096  1.399028   0.010287      NaN
200  Temperature       0  1.0  1.0   99  305.700557  2.439735  1.250391   0.006596      NaN
201  Temperature       0  1.0  1.0  100  305.732323  2.439019  1.249674   0.011388      NaN
202  Temperature       0  2.0  0.0    0  305.615538  2.214334  1.022458   0.015459      NaN
203  Temperature       0  2.0  0.0    1  305.701873  2.733999  1.326603   0.007519      NaN
204  Temperature       0  2.0  0.0    2  305.667349  2.410478  1.167139   0.013353      NaN
205  Temperature       0  2.0  0.0    3  305.559189  2.022896  0.883219   0.011578      NaN
206  Temperature       0  2.0  0.0    4  305.634243  2.439791  1.119063   0.014496      NaN
207  Temperature       0  2.0  0.0    5  305.685797  2.518643  1.224311   0.015245      NaN
208  Temperature       0  2.0  0.0    6  305.637422  2.217144  1.063308   0.011871      NaN
209  Temperature       0  2.0  0.0    7  305.605527  2.257233  1.019096   0.015995      NaN
210  Temperature       0  2.0  0.0    8  305.612643  2.347967  1.050963   0.015927      NaN
211  Temperature       0  2.0  0.0    9  305.612643  2.432140  1.098990   0.004953      NaN
212  Temperature       0  2.0  0.0   10  305.696285  2.595428  1.274680   0.013066      NaN
213  Temperature       0  2.0  0.0   11  305.574605  2.168500  0.966051   0.012069      NaN
214  Temperature       0  2.0  0.0   12  305.616973  2.085944  0.969614   0.003945      NaN
215  Temperature       0  2.0  0.0   13  305.517252  2.139640  0.859049   0.010689      NaN
216  Temperature       0  2.0  0.0   14  305.491951  1.984481  0.778727   0.008902      NaN
217  Temperature       0  2.0  0.0   15  305.672971  2.356297  1.148877   0.011788      NaN
218  Temperature       0  2.0  0.0   16  305.561120  1.963759  0.859863   0.013578      NaN
219  Temperature       0  2.0  0.0   17  305.645625  2.291136  1.096330   0.015123      NaN
220  Temperature       0  2.0  0.0   18  305.537041  2.071986  0.857503   0.015228      NaN
221  Temperature       0  2.0  0.0   19  305.464038  2.045366  0.777181   0.008112      NaN
222  Temperature       0  2.0  0.0   20  305.588242  2.092865  0.930169   0.011121      NaN
223  Temperature       0  2.0  0.0   21  305.579078  2.041774  0.918701   0.011274      NaN
224  Temperature       0  2.0  0.0   22  305.439585  1.937712  0.700968   0.006822      NaN
225  Temperature       0  2.0  0.0   23  305.582837  2.144663  0.955863   0.013419      NaN
226  Temperature       0  2.0  0.0   24  305.658617  2.454506  1.159918   0.008765      NaN
227  Temperature       0  2.0  0.0   25  305.668204  2.303601  1.144699   0.011307      NaN
228  Temperature       0  2.0  0.0   26  305.619415  2.149527  1.004593   0.011428      NaN
229  Temperature       0  2.0  0.0   27  305.666783  2.187616  1.093168   0.013138      NaN
230  Temperature       0  2.0  0.0   28  305.666627  2.431134  1.155442   0.012922      NaN
231  Temperature       0  2.0  0.0   29  305.639714  2.130330  1.029986   0.014325      NaN
232  Temperature       0  2.0  0.0   30  305.638358  2.173084  1.061351   0.015739      NaN
233  Temperature       0  2.0  0.0   31  305.574551  2.015308  0.895589   0.014682      NaN
234  Temperature       0  2.0  0.0   32  305.702285  2.393233  1.240126   0.007953      NaN
235  Temperature       0  2.0  0.0   33  305.354242  1.954847  0.631277   0.008339      NaN
236  Temperature       0  2.0  0.0   34  305.674679  2.464931  1.191189   0.010037      NaN
237  Temperature       0  2.0  0.0   35  305.619000  2.373734  1.086694   0.012519      NaN
238  Temperature       0  2.0  0.0   36  305.637307  2.388565  1.096029   0.010765      NaN
239  Temperature       0  2.0  0.0   37  305.630875  2.399852  1.098086   0.011570      NaN
240  Temperature       0  2.0  0.0   38  305.538562  1.999434  0.854574   0.011142      NaN
241  Temperature       0  2.0  0.0   39  305.689324  2.537874  1.237142   0.010690      NaN
242  Temperature       0  2.0  0.0   40  305.676483  2.328666  1.159082   0.011944      NaN
243  Temperature       0  2.0  0.0   41  305.686075  2.635635  1.272711   0.015072      NaN
244  Temperature       0  2.0  0.0   42  305.497498  2.025036  0.811605   0.014793      NaN
245  Temperature       0  2.0  0.0   43  305.647990  2.337880  1.109277   0.012640      NaN
246  Temperature       0  2.0  0.0   44  305.655641  2.357466  1.139627   0.014586      NaN
247  Temperature       0  2.0  0.0   45  305.690374  2.616125  1.269428   0.010792      NaN
248  Temperature       0  2.0  0.0   46  305.638879  2.303978  1.082328   0.011871      NaN
249  Temperature       0  2.0  0.0   47  305.649478  2.339792  1.109127   0.014295      NaN
250  Temperature       0  2.0  0.0   48  305.519215  2.085504  0.844889   0.006894      NaN
251  Temperature       0  2.0  0.0   49  305.596420  2.204577  0.983666   0.015646      NaN
252  Temperature       0  2.0  0.0   50  305.675408  2.348627  1.164572   0.011328      NaN
253  Temperature       0  2.0  0.0   51  305.530899  2.076414  0.864746   0.014419      NaN
254  Temperature       0  2.0  0.0   52  305.687192  2.478359  1.233621   0.009154      NaN
255  Temperature       0  2.0  0.0   53  305.603713  2.087292  0.966051   0.011342      NaN
256  Temperature       0  2.0  0.0   54  305.365080  1.931580  0.638702   0.010306      NaN
257  Temperature       0  2.0  0.0   55  305.525904  2.059945  0.862305   0.010395      NaN
258  Temperature       0  2.0  0.0   56  305.626990  2.075259  0.996162   0.012235      NaN
259  Temperature       0  2.0  0.0   57  305.617407  2.479566  1.109629   0.008760      NaN
260  Temperature       0  2.0  0.0   58  305.564416  2.208568  0.944973   0.012306      NaN
261  Temperature       0  2.0  0.0   59  305.652979  2.198305  1.077109   0.014190      NaN
262  Temperature       0  2.0  0.0   60  305.531983  2.184033  0.898356   0.014947      NaN
263  Temperature       0  2.0  0.0   61  305.527318  2.096974  0.869303   0.010241      NaN
264  Temperature       0  2.0  0.0   62  305.476219  2.004876  0.776693   0.013816      NaN
265  Temperature       0  2.0  0.0   63  305.653397  2.450281  1.151801   0.014078      NaN
266  Temperature       0  2.0  0.0   64  305.542119  2.083892  0.884277   0.011946      NaN
267  Temperature       0  2.0  0.0   65  305.476275  1.947317  0.756104   0.012173      NaN
268  Temperature       0  2.0  0.0   66  305.620707  2.154428  1.003388   0.013626      NaN
269  Temperature       0  2.0  0.0   67  305.602249  2.109437  0.981257   0.016115      NaN
270  Temperature       0  2.0  0.0   68  305.583018  2.238576  0.982511   0.015747      NaN
271  Temperature       0  2.0  0.0   69  305.529205  1.985091  0.829183   0.013141      NaN
272  Temperature       0  2.0  0.0   70  305.493968  1.987825  0.786214   0.013701      NaN
273  Temperature       0  2.0  0.0   71  305.564728  2.315433  0.976138   0.008201      NaN
274  Temperature       0  2.0  0.0   72  305.461266  1.951083  0.729793   0.004560      NaN
275  Temperature       0  2.0  0.0   73  305.460050  2.036402  0.762126   0.007220      NaN
276  Temperature       0  2.0  0.0   74  305.669112  2.355570  1.149712   0.014483      NaN
277  Temperature       0  2.0  0.0   75  305.525183  2.085142  0.869954   0.009027      NaN
278  Temperature       0  2.0  0.0   76  305.683513  2.273709  1.156576   0.007702      NaN
279  Temperature       0  2.0  0.0   77  305.658456  2.230240  1.093369   0.011945      NaN
280  Temperature       0  2.0  0.0   78  305.631995  2.399476  1.105664   0.011564      NaN
281  Temperature       0  2.0  0.0   79  305.653690  2.262742  1.099491   0.010402      NaN
282  Temperature       0  2.0  0.0   80  305.598847  2.073589  0.943217   0.014873      NaN
283  Temperature       0  2.0  0.0   81  305.696493  2.646570  1.285661   0.014793      NaN
284  Temperature       0  2.0  0.0   82  305.575605  2.070000  0.936944   0.009852      NaN
285  Temperature       0  2.0  0.0   83  305.689317  2.304655  1.185758   0.007620      NaN
286  Temperature       0  2.0  0.0   84  305.637486  2.358447  1.101047   0.014418      NaN
287  Temperature       0  2.0  0.0   85  305.522553  1.970920  0.814697   0.011143      NaN
288  Temperature       0  2.0  0.0   86  305.598289  2.173568  0.970467   0.013661      NaN
289  Temperature       0  2.0  0.0   87  305.552120  2.108806  0.896240   0.014403      NaN
290  Temperature       0  2.0  0.0   88  305.609238  2.003217  0.936593   0.010242      NaN
291  Temperature       0  2.0  0.0   89  305.484967  1.992493  0.776774   0.011470      NaN
292  Temperature       0  2.0  0.0   90  305.643181  2.086183  1.020702   0.009713      NaN
293  Temperature       0  2.0  0.0   91  305.675752  2.412359  1.172569   0.010562      NaN
294  Temperature       0  2.0  0.0   92  305.659506  2.423634  1.157172   0.016845      NaN
295  Temperature       0  2.0  0.0   93  305.574339  2.027611  0.908040   0.013781      NaN
296  Temperature       0  2.0  0.0   94  305.710921  2.659941  1.312397   0.011852      NaN
297  Temperature       0  2.0  0.0   95  305.577817  2.199555  0.950644   0.011752      NaN
298  Temperature       0  2.0  0.0   96  305.582327  2.053370  0.927979   0.013467      NaN
299  Temperature       0  2.0  0.0   97  305.676778  2.512628  1.205870   0.014630      NaN
300  Temperature       0  2.0  0.0   98  305.709543  2.684387  1.317350   0.014717      NaN
301  Temperature       0  2.0  0.0   99  305.646930  2.431816  1.131212   0.015628      NaN
302  Temperature       0  2.0  0.0  100  305.532314  2.040264  0.849447   0.012541      NaN
303  Temperature       0  2.0  1.0    0  305.693487  2.650899  1.280111   0.011833      NaN
304  Temperature       0  2.0  1.0    1  305.609057  2.442616  1.065316   0.010739      NaN
305  Temperature       0  2.0  1.0    2  305.688176  2.615406  1.272293   0.004676      NaN
306  Temperature       0  2.0  1.0    3  305.667929  2.657132  1.236426   0.015544      NaN
307  Temperature       0  2.0  1.0    4  305.649834  2.392172  1.121071   0.008990      NaN
308  Temperature       0  2.0  1.0    5  305.655584  2.315349  1.119565   0.020240      NaN
309  Temperature       0  2.0  1.0    6  305.609203  2.496090  1.111536   0.011440      NaN
310  Temperature       0  2.0  1.0    7  305.634581  2.320285  1.077711   0.015124      NaN
311  Temperature       0  2.0  1.0    8  305.641740  2.327610  1.096229   0.006553      NaN
312  Temperature       0  2.0  1.0    9  305.513001  2.072007  0.850260   0.013843      NaN
313  Temperature       0  2.0  1.0   10  305.671888  2.384665  1.191846   0.006374      NaN
314  Temperature       0  2.0  1.0   11  305.685275  2.462468  1.196620   0.010841      NaN
315  Temperature       0  2.0  1.0   12  305.542066  2.086544  0.888509   0.011433      NaN
316  Temperature       0  2.0  1.0   13  305.494292  1.961198  0.779622   0.023170      NaN
317  Temperature       0  2.0  1.0   14  305.635329  2.384801  1.102001   0.008486      NaN
318  Temperature       0  2.0  1.0   15  305.625178  2.349054  1.074550   0.007814      NaN
319  Temperature       0  2.0  1.0   16  305.671444  2.651961  1.216493   0.003369      NaN
320  Temperature       0  2.0  1.0   17  305.744277  2.708684  1.409265   0.005165      NaN
321  Temperature       0  2.0  1.0   18  305.645843  2.395909  1.115601   0.010644      NaN
322  Temperature       0  2.0  1.0   19  305.624505  2.165012  1.036911   0.006771      NaN
323  Temperature       0  2.0  1.0   20  305.715431  2.924728  1.405945   0.011249      NaN
324  Temperature       0  2.0  1.0   21  305.607344  2.436418  1.076256   0.013769      NaN
325  Temperature       0  2.0  1.0   22  305.702551  2.556811  1.262625   0.010519      NaN
326  Temperature       0  2.0  1.0   23  305.762284  3.573528  1.631171   0.010925      NaN
327  Temperature       0  2.0  1.0   24  305.780540  3.799636  1.758389   0.011906      NaN
328  Temperature       0  2.0  1.0   25  305.623879  2.361109  1.076607   0.003610      NaN
329  Temperature       0  2.0  1.0   26  305.570039  2.169555  0.941711   0.008364      NaN
330  Temperature       0  2.0  1.0   27  305.618644  2.226536  1.031742   0.012601      NaN
331  Temperature       0  2.0  1.0   28  305.600902  2.318888  1.027627   0.021010      NaN
332  Temperature       0  2.0  1.0   29  305.660221  2.153166  1.069381   0.008688      NaN
333  Temperature       0  2.0  1.0   30  305.673463  2.844673  1.287929   0.006267      NaN
334  Temperature       0  2.0  1.0   31  305.630531  2.256640  1.072291   0.007365      NaN
335  Temperature       0  2.0  1.0   32  305.591281  2.158482  0.954910   0.006443      NaN
336  Temperature       0  2.0  1.0   33  305.577565  1.870352  0.853923   0.011606      NaN
337  Temperature       0  2.0  1.0   34  305.625883  2.251944  1.045543   0.014285      NaN
338  Temperature       0  2.0  1.0   35  305.499892  2.048485  0.811361   0.017474      NaN
339  Temperature       0  2.0  1.0   36  305.783853  3.540221  1.707960   0.011083      NaN
340  Temperature       0  2.0  1.0   37  305.622419  2.436985  1.107973   0.014056      NaN
341  Temperature       0  2.0  1.0   38  305.567927  2.270748  0.969614   0.010859      NaN
342  Temperature       0  2.0  1.0   39  305.706337  3.108038  1.417082   0.011742      NaN
343  Temperature       0  2.0  1.0   40  305.737237  2.812600  1.407190   0.010003      NaN
344  Temperature       0  2.0  1.0   41  305.711863  2.724293  1.327087   0.012295      NaN
345  Temperature       0  2.0  1.0   42  305.779406  3.921579  1.759006   0.012028      NaN
346  Temperature       0  2.0  1.0   43  305.711126  2.935724  1.391903   0.008326      NaN
347  Temperature       0  2.0  1.0   44  305.541621  2.167072  0.899740   0.012757      NaN
348  Temperature       0  2.0  1.0   45  305.755287  3.262086  1.581139   0.015686      NaN
349  Temperature       0  2.0  1.0   46  305.739378  2.793790  1.419503   0.016298      NaN
350  Temperature       0  2.0  1.0   47  305.526777  2.102122  0.864014   0.017471      NaN
351  Temperature       0  2.0  1.0   48  305.750367  3.444188  1.593726   0.019291      NaN
352  Temperature       0  2.0  1.0   49  305.758200  3.736871  1.656188   0.023736      NaN
353  Temperature       0  2.0  1.0   50  305.615766  2.419028  1.098387   0.014883      NaN
354  Temperature       0  2.0  1.0   51  305.703000  3.203725  1.440531   0.010671      NaN
355  Temperature       0  2.0  1.0   52  305.670643  2.565385  1.233263   0.017159      NaN
356  Temperature       0  2.0  1.0   53  305.758629  3.170753  1.521823   0.007915      NaN
357  Temperature       0  2.0  1.0   54  305.459727  2.016118  0.756266   0.009491      NaN
358  Temperature       0  2.0  1.0   55  305.665417  2.570627  1.198768   0.017054      NaN
359  Temperature       0  2.0  1.0   56  305.703277  2.420159  1.252957   0.011809      NaN
360  Temperature       0  2.0  1.0   57  305.731478  2.840418  1.381042   0.012195      NaN
361  Temperature       0  2.0  1.0   58  305.760911  2.954171  1.493449   0.003680      NaN
362  Temperature       0  2.0  1.0   59  305.645706  2.312176  1.096581   0.022142      NaN
363  Temperature       0  2.0  1.0   60  305.728801  2.648688  1.322799   0.009468      NaN
364  Temperature       0  2.0  1.0   61  305.694133  2.639179  1.276291   0.012914      NaN
365  Temperature       0  2.0  1.0   62  305.568981  2.253603  0.972073   0.009022      NaN
366  Temperature       0  2.0  1.0   63  305.770230  3.638225  1.681676   0.011014      NaN
367  Temperature       0  2.0  1.0   64  305.659683  2.624500  1.188683   0.005553      NaN
368  Temperature       0  2.0  1.0   65  305.711086  2.572417  1.287630   0.008631      NaN
369  Temperature       0  2.0  1.0   66  305.700288  2.560107  1.269309   0.016504      NaN
370  Temperature       0  2.0  1.0   67  305.567305  2.161434  0.944472   0.013186      NaN
371  Temperature       0  2.0  1.0   68  305.660056  2.641305  1.193696   0.005792      NaN
372  Temperature       0  2.0  1.0   69  305.661940  2.368934  1.154725   0.010828      NaN
373  Temperature       0  2.0  1.0   70  305.786049  4.457361  1.888516   0.013260      NaN
374  Temperature       0  2.0  1.0   71  305.454268  2.060867  0.768962   0.012384      NaN
375  Temperature       0  2.0  1.0   72  305.677378  2.570797  1.214822   0.014199      NaN
376  Temperature       0  2.0  1.0   73  305.624852  2.199411  1.044840   0.006812      NaN
377  Temperature       0  2.0  1.0   74  305.670791  2.279218  1.114948   0.011833      NaN
378  Temperature       0  2.0  1.0   75  305.730560  2.973301  1.399166   0.011284      NaN
379  Temperature       0  2.0  1.0   76  305.597402  2.345354  1.047249   0.012820      NaN
380  Temperature       0  2.0  1.0   77  305.661856  2.634779  1.222521   0.005811      NaN
381  Temperature       0  2.0  1.0   78  305.752170  3.279728  1.528904   0.010624      NaN
382  Temperature       0  2.0  1.0   79  305.657023  2.489518  1.159022   0.006963      NaN
383  Temperature       0  2.0  1.0   80  305.722766  2.893004  1.379313   0.010293      NaN
384  Temperature       0  2.0  1.0   81  305.642376  2.383778  1.100947   0.009522      NaN
385  Temperature       0  2.0  1.0   82  305.694606  2.576538  1.277724   0.013842      NaN
386  Temperature       0  2.0  1.0   83  305.701932  2.704878  1.292405   0.007777      NaN
387  Temperature       0  2.0  1.0   84  305.758384  3.545599  1.607256   0.014256      NaN
388  Temperature       0  2.0  1.0   85  305.740839  2.584128  1.347286   0.005915      NaN
389  Temperature       0  2.0  1.0   86  305.692132  2.496206  1.233382   0.011834      NaN
390  Temperature       0  2.0  1.0   87  305.659222  2.400290  1.128407   0.010167      NaN
391  Temperature       0  2.0  1.0   88  305.707022  2.973351  1.383671   0.014528      NaN
392  Temperature       0  2.0  1.0   89  305.706716  2.877060  1.359460   0.004334      NaN
393  Temperature       0  2.0  1.0   90  305.418020  1.950041  0.692608   0.009536      NaN
394  Temperature       0  2.0  1.0   91  305.681650  2.531931  1.212912   0.009559      NaN
395  Temperature       0  2.0  1.0   92  305.739996  3.219602  1.508252   0.023785      NaN
396  Temperature       0  2.0  1.0   93  305.748966  3.079920  1.516553   0.013381      NaN
397  Temperature       0  2.0  1.0   94  305.744529  3.155764  1.480998   0.011188      NaN
398  Temperature       0  2.0  1.0   95  305.622478  2.168427  1.026824   0.013912      NaN
399  Temperature       0  2.0  1.0   96  305.672917  2.303897  1.155919   0.012878      NaN
400  Temperature       0  2.0  1.0   97  305.730865  2.850329  1.386922   0.014014      NaN
401  Temperature       0  2.0  1.0   98  305.650318  2.508884  1.161529   0.014252      NaN
402  Temperature       0  2.0  1.0   99  305.668509  2.408760  1.175971   0.013999      NaN
403  Temperature       0  2.0  1.0  100  305.560389  2.054827  0.901123   0.018587      NaN
404  Temperature       0  inf  0.0    0  305.617627  2.280528  1.046246   0.019033      NaN
405  Temperature       0  inf  0.0    1  305.694237  2.285718  1.164453   0.012088      NaN
406  Temperature       0  inf  0.0    2  305.501158  1.997162  0.798910   0.011074      NaN
407  Temperature       0  inf  0.0    3  305.595386  2.033223  0.943669   0.014971      NaN
408  Temperature       0  inf  0.0    4  305.693666  2.368810  1.198052   0.010904      NaN
409  Temperature       0  inf  0.0    5  305.533310  2.122810  0.880046   0.013508      NaN
410  Temperature       0  inf  0.0    6  305.441999  2.006541  0.746419   0.015527      NaN
411  Temperature       0  inf  0.0    7  305.556228  2.086902  0.901611   0.017019      NaN
412  Temperature       0  inf  0.0    8  305.617627  2.280530  1.046246   0.019033      NaN
413  Temperature       0  inf  0.0    9  305.543874  1.961523  0.847656   0.016677      NaN
414  Temperature       0  inf  0.0   10  305.637204  2.316164  1.089204   0.017029      NaN
415  Temperature       0  inf  0.0   11  305.689283  2.546833  1.237440   0.016172      NaN
416  Temperature       0  inf  0.0   12  305.635684  2.393243  1.098136   0.014590      NaN
417  Temperature       0  inf  0.0   13  305.718808  2.592384  1.311108   0.013880      NaN
418  Temperature       0  inf  0.0   14  305.644899  2.594860  1.164280   0.018234      NaN
419  Temperature       0  inf  0.0   15  305.577119  2.021305  0.894450   0.002886      NaN
420  Temperature       0  inf  0.0   16  305.567164  2.068616  0.909180   0.015707      NaN
421  Temperature       0  inf  0.0   17  305.554205  2.363424  0.977894   0.011227      NaN
422  Temperature       0  inf  0.0   18  305.733747  2.889040  1.423584   0.006627      NaN
423  Temperature       0  inf  0.0   19  305.633880  2.336321  1.092315   0.018125      NaN
424  Temperature       0  inf  0.0   20  305.617627  2.280528  1.046246   0.019033      NaN
425  Temperature       0  inf  0.0   21  305.617627  2.280528  1.046246   0.019033      NaN
426  Temperature       0  inf  0.0   22  305.617625  2.280549  1.046246   0.019033      NaN
427  Temperature       0  inf  0.0   23  305.652977  2.431913  1.147206   0.017401      NaN
428  Temperature       0  inf  0.0   24  305.555021  2.159968  0.921712   0.014333      NaN
429  Temperature       0  inf  0.0   25  305.641027  2.406747  1.121924   0.017865      NaN
430  Temperature       0  inf  0.0   26  305.401727  2.025278  0.698598   0.012090      NaN
431  Temperature       0  inf  0.0   27  305.653098  2.636828  1.192442   0.016774      NaN
432  Temperature       0  inf  0.0   28  305.341189  1.929883  0.606321   0.007988      NaN
433  Temperature       0  inf  0.0   29  305.555598  2.120266  0.908439   0.016688      NaN
434  Temperature       0  inf  0.0   30  305.617627  2.280528  1.046246   0.019033      NaN
435  Temperature       0  inf  0.0   31  305.550324  2.055057  0.872070   0.012239      NaN
436  Temperature       0  inf  0.0   32  305.617909  2.207829  1.028781   0.012791      NaN
437  Temperature       0  inf  0.0   33  305.662306  2.195025  1.107400   0.012416      NaN
438  Temperature       0  inf  0.0   34  305.706950  2.466027  1.234277   0.012550      NaN
439  Temperature       0  inf  0.0   35  305.617628  2.280526  1.046246   0.019033      NaN
440  Temperature       0  inf  0.0   36  305.566786  2.104808  0.917236   0.012363      NaN
441  Temperature       0  inf  0.0   37  305.641959  2.261501  1.075553   0.013661      NaN
442  Temperature       0  inf  0.0   38  305.556471  2.203253  0.938148   0.015330      NaN
443  Temperature       0  inf  0.0   39  305.565186  2.442121  1.024967   0.009858      NaN
444  Temperature       0  inf  0.0   40  305.707479  2.851594  1.348531   0.011708      NaN
445  Temperature       0  inf  0.0   41  305.722046  2.866597  1.398336   0.006073      NaN
446  Temperature       0  inf  0.0   42  305.638381  2.323505  1.063961   0.002645      NaN
447  Temperature       0  inf  0.0   43  305.678923  2.700194  1.256657   0.016515      NaN
448  Temperature       0  inf  0.0   44  305.690302  2.865982  1.333822   0.014912      NaN
449  Temperature       0  inf  0.0   45  305.604748  2.225721  1.012321   0.018853      NaN
450  Temperature       0  inf  0.0   46  305.605486  2.536382  1.100395   0.012640      NaN
451  Temperature       0  inf  0.0   47  305.713691  2.427638  1.234456   0.017247      NaN
452  Temperature       0  inf  0.0   48  305.673910  2.148874  1.087949   0.010091      NaN
453  Temperature       0  inf  0.0   49  305.668705  2.117989  1.067474   0.011041      NaN
454  Temperature       0  inf  0.0   50  305.676631  2.658967  1.236187   0.018028      NaN
455  Temperature       0  inf  0.0   51  305.642849  2.147281  1.036259   0.015432      NaN
456  Temperature       0  inf  0.0   52  305.617627  2.280528  1.046246   0.019033      NaN
457  Temperature       0  inf  0.0   53  305.563872  2.215909  0.949691   0.016827      NaN
458  Temperature       0  inf  0.0   54  305.655139  2.113185  1.041227   0.006942      NaN
459  Temperature       0  inf  0.0   55  305.644899  2.594858  1.164280   0.018234      NaN
460  Temperature       0  inf  0.0   56  305.709712  2.805454  1.340804   0.013001      NaN
461  Temperature       0  inf  0.0   57  305.617610  2.280441  1.046195   0.019033      NaN
462  Temperature       0  inf  0.0   58  305.648124  2.565437  1.163276   0.018502      NaN
463  Temperature       0  inf  0.0   59  305.621545  2.280528  1.046246   0.015115      NaN
464  Temperature       0  inf  0.0   60  305.621545  2.280528  1.046246   0.015116      NaN
465  Temperature       0  inf  0.0   61  305.624140  2.433285  1.097032   0.017437      NaN
466  Temperature       0  inf  0.0   62  305.582358  1.998740  0.913106   0.016285      NaN
467  Temperature       0  inf  0.0   63  305.551104  2.159966  0.921712   0.018251      NaN
468  Temperature       0  inf  0.0   64  305.617626  2.280534  1.046246   0.019033      NaN
469  Temperature       0  inf  0.0   65  305.631136  2.419354  1.101499   0.018657      NaN
470  Temperature       0  inf  0.0   66  305.641632  2.319451  1.092917   0.018389      NaN
471  Temperature       0  inf  0.0   67  305.676690  2.544991  1.237142   0.003577      NaN
472  Temperature       0  inf  0.0   68  305.617604  2.280471  1.046195   0.019033      NaN
473  Temperature       0  inf  0.0   69  305.611591  2.213878  1.013074   0.015578      NaN
474  Temperature       0  inf  0.0   70  305.622007  2.335079  1.065918   0.018969      NaN
475  Temperature       0  inf  0.0   71  305.471664  2.089197  0.790202   0.013416      NaN
476  Temperature       0  inf  0.0   72  305.654399  2.317794  1.103757   0.014568      NaN
477  Temperature       0  inf  0.0   73  305.523263  2.261826  0.915446   0.009051      NaN
478  Temperature       0  inf  0.0   74  305.617627  2.280528  1.046246   0.019033      NaN
479  Temperature       0  inf  0.0   75  305.617629  2.280523  1.046246   0.019033      NaN
480  Temperature       0  inf  0.0   76  305.704474  2.423917  1.225922   0.015967      NaN
481  Temperature       0  inf  0.0   77  305.726738  2.771179  1.378691   0.006109      NaN
482  Temperature       0  inf  0.0   78  305.510397  1.950466  0.799032   0.013355      NaN
483  Temperature       0  inf  0.0   79  305.617627  2.280530  1.046246   0.019033      NaN
484  Temperature       0  inf  0.0   80  305.582348  1.998721  0.913086   0.016285      NaN
485  Temperature       0  inf  0.0   81  305.541520  2.012445  0.858561   0.014191      NaN
486  Temperature       0  inf  0.0   82  305.617627  2.280529  1.046246   0.019033      NaN
487  Temperature       0  inf  0.0   83  305.476214  2.170386  0.836751   0.016087      NaN
488  Temperature       0  inf  0.0   84  305.652977  2.431914  1.147206   0.017401      NaN
489  Temperature       0  inf  0.0   85  305.617629  2.280520  1.046246   0.019033      NaN
490  Temperature       0  inf  0.0   86  305.628665  2.342750  1.084838   0.017084      NaN
491  Temperature       0  inf  0.0   87  305.602975  2.124567  0.985422   0.018835      NaN
492  Temperature       0  inf  0.0   88  305.617627  2.280527  1.046246   0.019033      NaN
493  Temperature       0  inf  0.0   89  305.560411  2.098005  0.911377   0.016558      NaN
494  Temperature       0  inf  0.0   90  305.661845  2.440304  1.165468   0.014548      NaN
495  Temperature       0  inf  0.0   91  305.617627  2.280528  1.046246   0.019033      NaN
496  Temperature       0  inf  0.0   92  305.324589  1.916523  0.586043   0.010580      NaN
497  Temperature       0  inf  0.0   93  305.704427  2.526775  1.257492   0.006084      NaN
498  Temperature       0  inf  0.0   94  305.557793  2.210646  0.939955   0.016599      NaN
499  Temperature       0  inf  0.0   95  305.621545  2.280528  1.046246   0.015116      NaN
500  Temperature       0  inf  0.0   96  305.657245  2.497970  1.169048   0.016662      NaN
501  Temperature       0  inf  0.0   97  305.617626  2.280536  1.046246   0.019033      NaN
502  Temperature       0  inf  0.0   98  305.613005  2.361074  1.091211   0.001328      NaN
503  Temperature       0  inf  0.0   99  305.651266  2.423147  1.141835   0.017486      NaN
504  Temperature       0  inf  0.0  100  305.664719  2.673412  1.227951   0.016808      NaN
505  Temperature       0  inf  1.0    0  305.687617  2.684434  1.277485   0.009156      NaN
506  Temperature       0  inf  1.0    1  305.700528  3.437828  1.481620   0.012115      NaN
507  Temperature       0  inf  1.0    2  305.403153  2.079681  0.711013   0.005565      NaN
508  Temperature       0  inf  1.0    3  305.747834  3.118947  1.526168   0.006882      NaN
509  Temperature       0  inf  1.0    4  305.754201  3.908500  1.683328   0.011781      NaN
510  Temperature       0  inf  1.0    5  305.192982  1.989501  0.512796   0.004300      NaN
511  Temperature       0  inf  1.0    6  305.605688  2.182648  0.994505   0.008198      NaN
512  Temperature       0  inf  1.0    7  305.680603  2.709810  1.254628   0.004801      NaN
513  Temperature       0  inf  1.0    8  305.741516  4.000946  1.680496   0.022350      NaN
514  Temperature       0  inf  1.0    9  305.706253  3.061438  1.394670   0.007915      NaN
515  Temperature       0  inf  1.0   10  305.730953  3.992877  1.693712   0.011394      NaN
516  Temperature       0  inf  1.0   11  305.679646  2.359347  1.174658   0.009181      NaN
517  Temperature       0  inf  1.0   12  305.743751  3.584796  1.594119   0.012845      NaN
518  Temperature       0  inf  1.0   13  305.747948  4.390594  1.752319   0.022418      NaN
519  Temperature       0  inf  1.0   14  305.685710  2.533738  1.227534   0.007631      NaN
520  Temperature       0  inf  1.0   15  305.747509  3.137326  1.496908   0.007174      NaN
521  Temperature       0  inf  1.0   16  305.678939  2.325815  1.182894   0.016755      NaN
522  Temperature       0  inf  1.0   17  305.683588  2.481379  1.189100   0.004705      NaN
523  Temperature       0  inf  1.0   18  305.571561  1.889450  0.883146   0.023221      NaN
524  Temperature       0  inf  1.0   19  305.758419  3.137491  1.522846   0.003754      NaN
525  Temperature       0  inf  1.0   20  305.659733  2.244075  1.103606   0.007750      NaN
526  Temperature       0  inf  1.0   21  305.633220  2.674081  1.176329   0.018614      NaN
527  Temperature       0  inf  1.0   22  305.654641  2.645498  1.203423   0.003755      NaN
528  Temperature       0  inf  1.0   23  305.577492  1.802047  0.850708   0.013287      NaN
529  Temperature       0  inf  1.0   24  305.642833  2.351285  1.103105   0.005793      NaN
530  Temperature       0  inf  1.0   25  305.756867  4.415166  1.806878   0.021237      NaN
531  Temperature       0  inf  1.0   26  305.693661  2.973352  1.383464   0.010131      NaN
532  Temperature       0  inf  1.0   27  305.707187  2.549715  1.289480   0.011848      NaN
533  Temperature       0  inf  1.0   28  305.754601  3.693165  1.636442   0.013316      NaN
534  Temperature       0  inf  1.0   29  305.751550  4.751391  1.807319   0.022203      NaN
535  Temperature       0  inf  1.0   30  305.796024  4.046970  1.814636   0.012104      NaN
536  Temperature       0  inf  1.0   31  305.679734  2.709218  1.258030   0.003902      NaN
537  Temperature       0  inf  1.0   32  305.552142  1.779204  0.824870   0.022641      NaN
538  Temperature       0  inf  1.0   33  305.716004  2.680653  1.349776   0.014731      NaN
539  Temperature       0  inf  1.0   34  305.664343  2.568873  1.181641   0.006806      NaN
540  Temperature       0  inf  1.0   35  305.678560  2.316713  1.145714   0.004837      NaN
541  Temperature       0  inf  1.0   36  305.705188  2.634464  1.310786   0.007296      NaN
542  Temperature       0  inf  1.0   37  305.702351  2.595129  1.299984   0.006143      NaN
543  Temperature       0  inf  1.0   38  305.668096  2.349324  1.139567   0.009811      NaN
544  Temperature       0  inf  1.0   39  305.732960  2.877046  1.435828   0.013371      NaN
545  Temperature       0  inf  1.0   40  305.720376  2.512888  1.301908   0.006331      NaN
546  Temperature       0  inf  1.0   41  305.520325  1.824383  0.786865   0.021162      NaN
547  Temperature       0  inf  1.0   42  305.741085  4.581215  1.737766   0.022915      NaN
548  Temperature       0  inf  1.0   43  305.672715  2.215261  1.149235   0.014968      NaN
549  Temperature       0  inf  1.0   44  305.680423  3.492639  1.450769   0.010402      NaN
550  Temperature       0  inf  1.0   45  305.713318  3.125697  1.464880   0.007962      NaN
551  Temperature       0  inf  1.0   46  305.675649  2.447108  1.213330   0.010478      NaN
552  Temperature       0  inf  1.0   47  305.616086  2.422581  1.081525   0.005390      NaN
553  Temperature       0  inf  1.0   48  305.682501  2.662518  1.249913   0.004321      NaN
554  Temperature       0  inf  1.0   49  305.768249  5.612259  1.989355   0.020256      NaN
555  Temperature       0  inf  1.0   50  305.608011  2.197708  1.002836   0.007903      NaN
556  Temperature       0  inf  1.0   51  305.531011  1.863951  0.811361   0.021729      NaN
557  Temperature       0  inf  1.0   52  305.617025  2.470090  1.081425   0.009801      NaN
558  Temperature       0  inf  1.0   53  305.568792  2.150766  0.970919   0.009700      NaN
559  Temperature       0  inf  1.0   54  305.649962  2.228135  1.073747   0.008577      NaN
560  Temperature       0  inf  1.0   55  305.692740  3.665729  1.489783   0.015409      NaN
561  Temperature       0  inf  1.0   56  305.727173  3.129283  1.439701   0.008710      NaN
562  Temperature       0  inf  1.0   57  305.714699  2.666960  1.323438   0.009740      NaN
563  Temperature       0  inf  1.0   58  305.703466  2.442348  1.267638   0.014872      NaN
564  Temperature       0  inf  1.0   59  305.688842  3.488253  1.453259   0.015766      NaN
565  Temperature       0  inf  1.0   60  305.617931  2.293505  1.041729   0.008033      NaN
566  Temperature       0  inf  1.0   61  305.473318  1.984862  0.767334   0.012905      NaN
567  Temperature       0  inf  1.0   62  305.487175  2.129222  0.827393   0.004338      NaN
568  Temperature       0  inf  1.0   63  305.739451  3.793560  1.619765   0.017528      NaN
569  Temperature       0  inf  1.0   64  305.765852  3.977493  1.736789   0.008440      NaN
570  Temperature       0  inf  1.0   65  305.698263  2.900159  1.331375   0.004859      NaN
571  Temperature       0  inf  1.0   66  305.743990  2.756379  1.402348   0.008744      NaN
572  Temperature       0  inf  1.0   67  305.733888  3.203476  1.476156   0.008140      NaN
573  Temperature       0  inf  1.0   68  305.498305  1.919937  0.778239   0.019707      NaN
574  Temperature       0  inf  1.0   69  305.644191  2.154719  1.051114   0.006367      NaN
575  Temperature       0  inf  1.0   70  305.762045  5.144289  1.962207   0.013652      NaN
576  Temperature       0  inf  1.0   71  305.720969  2.983743  1.422201   0.002706      NaN
577  Temperature       0  inf  1.0   72  305.797953  4.780157  1.948926   0.007592      NaN
578  Temperature       0  inf  1.0   73  305.771648  5.421048  2.000000   0.019638      NaN
579  Temperature       0  inf  1.0   74  305.713877  2.591746  1.344173   0.018542      NaN
580  Temperature       0  inf  1.0   75  305.615153  2.285309  1.074600   0.013217      NaN
581  Temperature       0  inf  1.0   76  305.777419  2.786820  1.541097   0.011628      NaN
582  Temperature       0  inf  1.0   77  305.303931  1.867419  0.559589   0.016369      NaN
583  Temperature       0  inf  1.0   78  305.765880  5.490045  1.962484   0.020563      NaN
584  Temperature       0  inf  1.0   79  305.737793  4.369362  1.700477   0.023156      NaN
585  Temperature       0  inf  1.0   80  305.482959  1.918906  0.767090   0.012247      NaN
586  Temperature       0  inf  1.0   81  305.749874  4.362891  1.728326   0.017038      NaN
587  Temperature       0  inf  1.0   82  305.699154  2.589601  1.253613   0.005079      NaN
588  Temperature       0  inf  1.0   83  305.579603  1.954916  0.900635   0.006596      NaN
589  Temperature       0  inf  1.0   84  305.681911  2.386493  1.188146   0.008972      NaN
590  Temperature       0  inf  1.0   85  305.673970  2.804497  1.260775   0.011830      NaN
591  Temperature       0  inf  1.0   86  305.554116  1.891946  0.833822   0.011772      NaN
592  Temperature       0  inf  1.0   87  305.662259  2.362390  1.122201   0.003570      NaN
593  Temperature       0  inf  1.0   88  305.752495  3.742278  1.655322   0.011831      NaN
594  Temperature       0  inf  1.0   89  305.714274  2.590671  1.312423   0.011980      NaN
595  Temperature       0  inf  1.0   90  305.696141  3.286622  1.445789   0.012388      NaN
596  Temperature       0  inf  1.0   91  305.623496  2.284579  1.067022   0.006379      NaN
597  Temperature       0  inf  1.0   92  305.684391  2.418484  1.195009   0.010574      NaN
598  Temperature       0  inf  1.0   93  305.793315  4.993285  1.988965   0.014508      NaN
599  Temperature       0  inf  1.0   94  305.559537  2.476599  1.028280   0.005733      NaN
600  Temperature       0  inf  1.0   95  305.690158  2.291269  1.188504   0.011590      NaN
601  Temperature       0  inf  1.0   96  305.394300  1.894386  0.656047   0.011541      NaN
602  Temperature       0  inf  1.0   97  305.661600  2.264891  1.107937   0.008991      NaN
603  Temperature       0  inf  1.0   98  305.793929  4.007478  1.801500   0.012228      NaN
604  Temperature       0  inf  1.0   99  305.793930  4.007473  1.801500   0.012228      NaN
605  Temperature       0  inf  1.0  100  305.626400  2.028283  0.996061   0.013991      NaN