/*--------------------------------*- C++ -*----------------------------------*\
  =========                 |
  \\      /  F ield         | OpenFOAM: The Open Source CFD Toolbox
   \\    /   O peration     | Website:  https://openfoam.org
    \\  /    A nd           | Version:  9
     \\/     M anipulation  |
\*---------------------------------------------------------------------------*/
FoamFile
{
    format      ascii;
    class       labelList;
    note        "nPoints:1155  nCells:658  nFaces:2441  nInternalFaces:1507";
    location    "constant/caseSolid/polyMesh";
    object      owner;
}
// * * * * * * * * * * * * * * * * * * * * * * * * * * * * * * * * * * * * * //


2441
(
0
0
0
1
1
1
2
2
2
2
3
3
3
4
4
5
5
5
5
6
6
6
7
7
7
8
8
9
9
9
9
10
10
10
11
11
11
11
12
12
12
13
13
14
14
14
15
15
16
16
16
16
17
17
17
18
18
19
19
19
20
20
21
21
22
22
23
23
24
24
25
25
26
27
27
28
29
29
29
30
30
31
31
32
33
33
33
34
34
35
35
36
37
37
37
38
38
39
39
40
41
41
42
42
43
43
44
44
45
45
46
47
47
47
48
48
48
49
49
49
49
50
50
50
51
51
52
52
52
52
53
53
53
54
54
54
55
55
56
56
56
56
57
57
57
58
58
58
58
59
59
59
60
60
61
61
61
62
62
63
63
63
63
64
64
64
65
65
66
66
66
67
67
68
68
69
69
70
70
71
71
72
72
73
74
74
75
76
76
76
77
77
78
78
79
80
80
80
81
81
82
82
83
84
84
84
85
85
86
86
87
88
88
89
89
90
90
91
91
92
92
93
94
94
94
95
95
95
96
96
96
96
97
97
97
98
98
99
99
99
99
100
100
100
101
101
101
102
102
103
103
103
103
104
104
104
105
105
105
105
106
106
106
107
107
108
108
108
109
109
110
110
110
110
111
111
111
112
112
113
113
113
114
114
115
115
116
116
117
117
118
118
119
119
120
121
121
122
123
123
123
124
124
125
125
126
127
127
127
128
128
129
129
130
131
131
131
132
132
133
133
134
135
135
136
136
137
137
138
138
139
139
140
141
141
141
142
142
142
143
143
143
143
144
144
144
145
145
146
146
146
146
147
147
147
148
148
148
149
149
150
150
150
150
151
151
151
152
152
152
152
153
153
153
154
154
155
155
155
156
156
157
157
157
157
158
158
158
159
159
160
160
160
161
161
162
162
163
163
164
164
165
165
166
166
167
168
168
169
170
170
170
171
171
172
172
173
174
174
174
175
175
176
176
177
178
178
178
179
179
180
180
181
182
182
183
183
184
184
185
185
186
186
187
188
188
188
189
189
189
190
190
190
190
191
191
191
192
192
193
193
193
193
194
194
194
195
195
195
196
196
197
197
197
197
198
198
198
199
199
199
199
200
200
200
201
201
202
202
202
203
203
204
204
204
204
205
205
205
206
206
207
207
207
208
208
209
209
210
210
211
211
212
212
213
213
214
215
215
216
217
217
217
218
218
219
219
220
221
221
221
222
222
223
223
224
225
225
225
226
226
227
227
228
229
229
230
230
231
231
232
232
233
233
234
235
235
235
236
236
236
237
237
237
237
238
238
238
239
239
240
240
240
240
241
241
241
242
242
242
243
243
244
244
244
244
245
245
245
246
246
246
246
247
247
247
248
248
249
249
249
250
250
251
251
251
251
252
252
252
253
253
254
254
254
255
255
256
256
257
257
258
258
259
259
260
260
261
262
262
263
264
264
264
265
265
266
266
267
268
268
268
269
269
270
270
271
272
272
272
273
273
274
274
275
276
276
277
277
278
278
279
279
280
280
281
282
282
282
283
283
283
284
284
284
284
285
285
285
286
286
287
287
287
287
288
288
288
289
289
289
290
290
291
291
291
291
292
292
292
293
293
293
293
294
294
294
295
295
296
296
296
297
297
298
298
298
298
299
299
299
300
300
301
301
301
302
302
303
303
304
304
305
305
306
306
307
307
308
309
309
310
311
311
311
312
312
313
313
314
315
315
315
316
316
317
317
318
319
319
319
320
320
321
321
322
323
323
324
324
325
325
326
326
327
327
328
329
329
329
330
330
330
331
331
331
331
332
332
332
333
333
334
334
334
334
335
335
335
336
336
336
337
337
338
338
338
338
339
339
339
340
340
340
340
341
341
341
342
342
343
343
343
344
344
345
345
345
345
346
346
346
347
347
348
348
348
349
349
350
350
351
351
352
352
353
353
354
354
355
356
356
357
358
358
358
359
359
360
360
361
362
362
362
363
363
364
364
365
366
366
366
367
367
368
368
369
370
370
371
371
372
372
373
373
374
374
375
376
376
376
377
377
377
378
378
378
378
379
379
379
380
380
381
381
381
381
382
382
382
383
383
383
384
384
385
385
385
385
386
386
386
387
387
387
387
388
388
388
389
389
390
390
390
391
391
392
392
392
392
393
393
393
394
394
395
395
395
396
396
397
397
398
398
399
399
400
400
401
401
402
403
403
404
405
405
405
406
406
407
407
408
409
409
409
410
410
411
411
412
413
413
413
414
414
415
415
416
417
417
418
418
419
419
420
420
421
421
422
423
423
423
424
424
424
425
425
425
425
426
426
426
427
427
428
428
428
428
429
429
429
430
430
430
431
431
432
432
432
432
433
433
433
434
434
434
434
435
435
435
436
436
437
437
437
438
438
439
439
439
439
440
440
440
441
441
442
442
442
443
443
444
444
445
445
446
446
447
447
448
448
449
450
450
451
452
452
452
453
453
454
454
455
456
456
456
457
457
458
458
459
460
460
460
461
461
462
462
463
464
464
465
465
466
466
467
467
468
468
469
470
470
470
471
471
471
472
472
472
472
473
473
473
474
474
475
475
475
475
476
476
476
477
477
477
478
478
479
479
479
479
480
480
480
481
481
481
481
482
482
482
483
483
484
484
484
485
485
486
486
486
486
487
487
487
488
488
489
489
489
490
490
491
491
492
492
493
493
494
494
495
495
496
497
497
498
499
499
499
500
500
501
501
502
503
503
503
504
504
505
505
506
507
507
507
508
508
509
509
510
511
511
512
512
513
513
514
514
515
515
516
517
517
517
518
518
518
519
519
519
519
520
520
520
521
521
522
522
522
522
523
523
523
524
524
524
525
525
526
526
526
526
527
527
527
528
528
528
528
529
529
529
530
530
531
531
531
532
532
533
533
533
533
534
534
534
535
535
536
536
536
537
537
538
538
539
539
540
540
541
541
542
542
543
544
544
545
546
546
546
547
547
548
548
549
550
550
550
551
551
552
552
553
554
554
554
555
555
556
556
557
558
558
559
559
560
560
561
561
562
562
563
564
564
564
565
565
565
566
566
566
566
567
567
567
568
568
569
569
569
569
570
570
570
571
571
571
572
572
573
573
573
573
574
574
574
575
575
575
575
576
576
576
577
577
578
578
578
579
579
580
580
580
580
581
581
581
582
582
583
583
583
584
584
585
585
586
586
587
587
588
588
589
589
590
591
591
592
593
593
593
594
594
595
595
596
597
597
597
598
598
599
599
600
601
601
601
602
602
603
603
604
605
605
606
606
607
607
608
608
609
609
610
611
611
612
612
613
613
613
614
614
615
616
616
616
617
617
618
618
619
620
620
620
621
621
622
622
622
623
623
624
625
625
626
627
627
627
628
628
629
630
630
631
632
633
634
635
636
638
640
640
641
642
644
644
645
646
648
648
649
650
652
653
654
655
656
46
93
140
187
234
281
328
375
422
469
516
563
610
657
43
90
137
184
231
278
325
372
419
466
513
560
607
654
41
88
135
182
229
276
323
370
417
464
511
558
605
652
18
65
112
159
206
253
300
347
394
441
488
535
582
629
17
64
111
158
205
252
299
346
393
440
487
534
581
628
20
67
114
161
208
255
302
349
396
443
490
537
584
631
32
79
126
173
220
267
314
361
408
455
502
549
596
643
29
76
123
170
217
264
311
358
405
452
499
546
593
640
7
54
101
148
195
242
289
336
383
430
477
524
571
618
5
52
99
146
193
240
287
334
381
428
475
522
569
616
28
75
122
169
216
263
310
357
404
451
498
545
592
639
1
48
95
142
189
236
283
330
377
424
471
518
565
612
0
47
94
141
188
235
282
329
376
423
470
517
564
611
26
73
120
167
214
261
308
355
402
449
496
543
590
637
25
72
119
166
213
260
307
354
401
448
495
542
589
636
24
71
118
165
212
259
306
353
400
447
494
541
588
635
23
70
117
164
211
258
305
352
399
446
493
540
587
634
22
69
116
163
210
257
304
351
398
445
492
539
586
633
21
68
115
162
209
256
303
350
397
444
491
538
585
632
4
51
98
145
192
239
286
333
380
427
474
521
568
615
3
50
97
144
191
238
285
332
379
426
473
520
567
614
33
80
127
174
221
268
315
362
409
456
503
550
597
644
35
82
129
176
223
270
317
364
411
458
505
552
599
646
9
56
103
150
197
244
291
338
385
432
479
526
573
620
38
85
132
179
226
273
320
367
414
461
508
555
602
649
39
86
133
180
227
274
321
368
415
462
509
556
603
650
15
62
109
156
203
250
297
344
391
438
485
532
579
626
13
60
107
154
201
248
295
342
389
436
483
530
577
624
12
59
106
153
200
247
294
341
388
435
482
529
576
623
42
89
136
183
230
277
324
371
418
465
512
559
606
653
44
91
138
185
232
279
326
373
420
467
514
561
608
655
45
92
139
186
233
280
327
374
421
468
515
562
609
656
46
45
44
43
42
41
40
39
38
37
36
35
34
33
32
31
30
29
28
27
26
25
24
23
22
21
20
19
18
17
16
15
14
13
12
11
10
9
8
7
6
5
4
3
2
1
0
611
612
613
614
615
616
617
618
619
620
621
622
623
624
625
626
627
628
629
630
631
632
633
634
635
636
637
638
639
640
641
642
643
644
645
646
647
648
649
650
651
652
653
654
655
656
657
45
44
42
11
14
40
37
10
36
34
2
21
22
23
24
25
26
0
27
6
8
30
31
19
16
41
43
46
92
91
89
58
61
87
84
57
83
81
49
68
69
70
71
72
73
47
74
53
55
77
78
66
63
88
90
93
139
138
136
105
108
134
131
104
130
128
96
115
116
117
118
119
120
94
121
100
102
124
125
113
110
135
137
140
186
185
183
152
155
181
178
151
177
175
143
162
163
164
165
166
167
141
168
147
149
171
172
160
157
182
184
187
233
232
230
199
202
228
225
198
224
222
190
209
210
211
212
213
214
188
215
194
196
218
219
207
204
229
231
234
280
279
277
246
249
275
272
245
271
269
237
256
257
258
259
260
261
235
262
241
243
265
266
254
251
276
278
281
327
326
324
293
296
322
319
292
318
316
284
303
304
305
306
307
308
282
309
288
290
312
313
301
298
323
325
328
374
373
371
340
343
369
366
339
365
363
331
350
351
352
353
354
355
329
356
335
337
359
360
348
345
370
372
375
421
420
418
387
390
416
413
386
412
410
378
397
398
399
400
401
402
376
403
382
384
406
407
395
392
417
419
422
468
467
465
434
437
463
460
433
459
457
425
444
445
446
447
448
449
423
450
429
431
453
454
442
439
464
466
469
515
514
512
481
484
510
507
480
506
504
472
491
492
493
494
495
496
470
497
476
478
500
501
489
486
511
513
516
562
561
559
528
531
557
554
527
553
551
519
538
539
540
541
542
543
517
544
523
525
547
548
536
533
558
560
563
609
608
606
575
578
604
601
574
600
598
566
585
586
587
588
589
590
564
591
570
572
594
595
583
580
605
607
610
656
655
653
622
625
651
648
621
647
645
613
632
633
634
635
636
637
611
638
617
619
641
642
630
627
652
654
657
)


// ************************************************************************* //
