             QOI  subset    p    s    b       beta0         beta1    gamma1     objective  p-value
0    Temperature       0  1.0  0.0    0  307.250398  34267.427793  2.000000  5.537750e-03      NaN
1    Temperature       0  1.0  0.0    1  307.250398  34267.440930  2.000000  1.713061e-03      NaN
2    Temperature       0  1.0  0.0    2  307.265096  25939.108457  1.954492  3.988490e-03      NaN
3    Temperature       0  1.0  0.0    3  307.252682  33696.404651  2.000000  3.717573e-03      NaN
4    Temperature       0  1.0  0.0    4  307.265696  34267.439035  2.000000  3.824714e-03      NaN
5    Temperature       0  1.0  0.0    5  307.250398  34267.421875  2.000000  6.751207e-08      NaN
6    Temperature       0  1.0  0.0    6  307.265939  33296.089991  2.000000  3.096139e-03      NaN
7    Temperature       0  1.0  0.0    7  307.247255  16863.634617  1.865594  2.509288e-03      NaN
8    Temperature       0  1.0  0.0    8  307.247252  16863.727554  1.865594  1.315939e-03      NaN
9    Temperature       0  1.0  0.0    9  307.250398  34267.417941  2.000000  4.852442e-08      NaN
10   Temperature       0  1.0  0.0   10  307.237860   9622.806964  1.765883  3.404908e-03      NaN
11   Temperature       0  1.0  0.0   11  307.247251  16863.729837  1.865594  3.029011e-03      NaN
12   Temperature       0  1.0  0.0   12  307.243546  34267.419742  2.000000  1.713097e-03      NaN
13   Temperature       0  1.0  0.0   13  307.247251  16863.729837  1.865594  3.029011e-03      NaN
14   Temperature       0  1.0  0.0   14  307.265940  33296.081561  2.000000  4.809238e-03      NaN
15   Temperature       0  1.0  0.0   15  307.237402   8493.061790  1.745341  2.227797e-03      NaN
16   Temperature       0  1.0  0.0   16  307.250507  33832.368061  2.000000  1.386753e-03      NaN
17   Temperature       0  1.0  0.0   17  307.243546  34267.413860  2.000000  5.537747e-03      NaN
18   Temperature       0  1.0  0.0   18  307.250134  30280.079028  1.979785  7.255488e-05      NaN
19   Temperature       0  1.0  0.0   19  307.243194  35673.827375  2.000000  2.767881e-03      NaN
20   Temperature       0  1.0  0.0   20  307.265697  34267.429794  2.000000  3.824695e-03      NaN
21   Temperature       0  1.0  0.0   21  307.250398  34267.413806  2.000000  5.537710e-03      NaN
22   Temperature       0  1.0  0.0   22  307.238783  12626.012664  1.810493  1.930462e-03      NaN
23   Temperature       0  1.0  0.0   23  307.264805  22828.034245  1.933594  5.777803e-03      NaN
24   Temperature       0  1.0  0.0   24  307.250398  34267.405352  2.000000  5.537729e-03      NaN
25   Temperature       0  1.0  0.0   25  307.246438  12826.350630  1.820719  3.219689e-03      NaN
26   Temperature       0  1.0  0.0   26  307.250398  34267.437201  2.000000  1.713096e-03      NaN
27   Temperature       0  1.0  0.0   27  307.250398  34267.446822  2.000000  1.713090e-03      NaN
28   Temperature       0  1.0  0.0   28  307.250139  30288.020507  1.979834  7.245371e-05      NaN
29   Temperature       0  1.0  0.0   29  307.242215  24655.416974  1.937695  1.134084e-03      NaN
30   Temperature       0  1.0  0.0   30  307.250398  34267.429899  2.000000  1.713093e-03      NaN
31   Temperature       0  1.0  0.0   31  307.250398  34267.399627  2.000000  3.824715e-03      NaN
32   Temperature       0  1.0  0.0   32  307.247256  16867.710997  1.865638  1.316007e-03      NaN
33   Temperature       0  1.0  0.0   33  307.265096  25939.097427  1.954492  3.988445e-03      NaN
34   Temperature       0  1.0  0.0   34  307.245298  35542.353498  2.000000  5.776855e-03      NaN
35   Temperature       0  1.0  0.0   35  307.242215  24655.407931  1.937695  4.958760e-03      NaN
36   Temperature       0  1.0  0.0   36  307.249378  35287.319068  2.000000  4.780920e-03      NaN
37   Temperature       0  1.0  0.0   37  307.242216  24662.023103  1.937744  5.796400e-04      NaN
38   Temperature       0  1.0  0.0   38  307.264805  22828.034693  1.933594  4.064736e-03      NaN
39   Temperature       0  1.0  0.0   39  307.265697  34267.427793  2.000000  6.552821e-15      NaN
40   Temperature       0  1.0  0.0   40  307.243089  34724.234733  2.000000  4.282601e-04      NaN
41   Temperature       0  1.0  0.0   41  307.246041  11311.685832  1.800090  1.595156e-03      NaN
42   Temperature       0  1.0  0.0   42  307.250398  34267.416572  2.000000  5.537739e-03      NaN
43   Temperature       0  1.0  0.0   43  307.246439  12826.319601  1.820719  2.318304e-03      NaN
44   Temperature       0  1.0  0.0   44  307.242838  32220.177534  1.981445  1.301104e-03      NaN
45   Temperature       0  1.0  0.0   45  307.242069  35744.142677  2.000000  3.097519e-03      NaN
46   Temperature       0  1.0  0.0   46  307.249378  35287.336418  2.000000  6.493893e-03      NaN
47   Temperature       0  1.0  0.0   47  307.247252  16863.727554  1.865594  1.315981e-03      NaN
48   Temperature       0  1.0  0.0   48  307.243437  34702.474351  2.000000  5.864080e-03      NaN
49   Temperature       0  1.0  0.0   49  307.250507  33832.354275  2.000000  5.211433e-03      NaN
50   Temperature       0  1.0  0.0   50  307.252682  33696.416796  2.000000  5.430647e-03      NaN
51   Temperature       0  1.0  0.0   51  307.265939  33296.089991  2.000000  3.096139e-03      NaN
52   Temperature       0  1.0  0.0   52  307.238783  12626.012664  1.810493  1.930462e-03      NaN
53   Temperature       0  1.0  0.0   53  307.243437  34702.493603  2.000000  2.039330e-03      NaN
54   Temperature       0  1.0  0.0   54  307.243546  34267.427793  2.000000  6.552821e-15      NaN
55   Temperature       0  1.0  0.0   55  307.241916  21815.342436  1.917676  6.571481e-04      NaN
56   Temperature       0  1.0  0.0   56  307.242215  24655.415524  1.937695  4.958768e-03      NaN
57   Temperature       0  1.0  0.0   57  307.250155  35238.746673  2.000000  4.553235e-03      NaN
58   Temperature       0  1.0  0.0   58  307.250398  34267.435179  2.000000  5.537726e-03      NaN
59   Temperature       0  1.0  0.0   59  307.250398  34267.413407  2.000000  3.824719e-03      NaN
60   Temperature       0  1.0  0.0   60  307.265939  33296.079305  2.000000  3.096173e-03      NaN
61   Temperature       0  1.0  0.0   61  307.265697  34267.429794  2.000000  3.824653e-03      NaN
62   Temperature       0  1.0  0.0   62  307.250507  33832.364961  2.000000  5.211441e-03      NaN
63   Temperature       0  1.0  0.0   63  307.246042  11311.668331  1.800090  2.229601e-03      NaN
64   Temperature       0  1.0  0.0   64  307.246041  11311.671806  1.800090  2.229610e-03      NaN
65   Temperature       0  1.0  0.0   65  307.242838  32220.177534  1.981445  1.301062e-03      NaN
66   Temperature       0  1.0  0.0   66  307.250398  34267.449143  2.000000  1.713056e-03      NaN
67   Temperature       0  1.0  0.0   67  307.250138  30288.023299  1.979834  1.785515e-03      NaN
68   Temperature       0  1.0  0.0   68  307.250155  35238.772648  2.000000  6.266224e-03      NaN
69   Temperature       0  1.0  0.0   69  307.250398  34267.404422  2.000000  3.824711e-03      NaN
70   Temperature       0  1.0  0.0   70  307.265696  34267.436999  2.000000  5.537737e-03      NaN
71   Temperature       0  1.0  0.0   71  307.250398  34267.429899  2.000000  1.713051e-03      NaN
72   Temperature       0  1.0  0.0   72  307.264805  22828.034693  1.933594  4.064736e-03      NaN
73   Temperature       0  1.0  0.0   73  307.243089  34724.235173  2.000000  5.965967e-03      NaN
74   Temperature       0  1.0  0.0   74  307.265697  34267.429794  2.000000  3.824653e-03      NaN
75   Temperature       0  1.0  0.0   75  307.237846   9618.371040  1.765795  2.133868e-03      NaN
76   Temperature       0  1.0  0.0   76  307.250155  35238.746673  2.000000  4.553193e-03      NaN
77   Temperature       0  1.0  0.0   77  307.242069  35744.128481  2.000000  6.922195e-03      NaN
78   Temperature       0  1.0  0.0   78  307.265096  25939.097427  1.954492  3.988445e-03      NaN
79   Temperature       0  1.0  0.0   79  307.250507  33832.368061  2.000000  1.386795e-03      NaN
80   Temperature       0  1.0  0.0   80  307.243546  34267.419742  2.000000  1.713055e-03      NaN
81   Temperature       0  1.0  0.0   81  307.250398  34267.429170  2.000000  6.217323e-08      NaN
82   Temperature       0  1.0  0.0   82  307.237860   9622.811038  1.765883  3.404904e-03      NaN
83   Temperature       0  1.0  0.0   83  307.250398  34267.435102  2.000000  1.713095e-03      NaN
84   Temperature       0  1.0  0.0   84  307.242216  24662.023165  1.937744  5.795982e-04      NaN
85   Temperature       0  1.0  0.0   85  307.252682  33696.404651  2.000000  3.717615e-03      NaN
86   Temperature       0  1.0  0.0   86  307.242215  24655.407936  1.937695  4.958718e-03      NaN
87   Temperature       0  1.0  0.0   87  307.237402   8493.061790  1.745341  2.227797e-03      NaN
88   Temperature       0  1.0  0.0   88  307.265939  33296.089991  2.000000  3.096139e-03      NaN
89   Temperature       0  1.0  0.0   89  307.246041  11311.685035  1.800090  1.595246e-03      NaN
90   Temperature       0  1.0  0.0   90  307.250398  34267.399627  2.000000  3.824715e-03      NaN
91   Temperature       0  1.0  0.0   91  307.265096  25939.097427  1.954492  3.988487e-03      NaN
92   Temperature       0  1.0  0.0   92  307.249378  35287.341257  2.000000  9.561295e-04      NaN
93   Temperature       0  1.0  0.0   93  307.250398  34267.427283  2.000000  3.824722e-03      NaN
94   Temperature       0  1.0  0.0   94  307.243437  34702.474351  2.000000  5.864080e-03      NaN
95   Temperature       0  1.0  0.0   95  307.241916  21815.342436  1.917676  6.571481e-04      NaN
96   Temperature       0  1.0  0.0   96  307.250398  34267.434498  2.000000  6.278427e-08      NaN
97   Temperature       0  1.0  0.0   97  307.250134  30280.078991  1.979785  7.259708e-05      NaN
98   Temperature       0  1.0  0.0   98  307.243089  34724.235173  2.000000  5.965967e-03      NaN
99   Temperature       0  1.0  0.0   99  307.250398  34267.399627  2.000000  3.824715e-03      NaN
100  Temperature       0  1.0  0.0  100  307.246439  12826.320319  1.820719  2.318351e-03      NaN
101  Temperature       0  1.0  1.0    0  307.265939  33296.040494  2.000000  6.353209e-03      NaN
102  Temperature       0  1.0  1.0    1  307.251138  34221.178194  2.000000  1.697723e-03      NaN
103  Temperature       0  1.0  1.0    2  307.265373  25353.720992  1.955469  5.101985e-03      NaN
104  Temperature       0  1.0  1.0    3  307.248383  16608.852408  1.868164  2.386132e-03      NaN
105  Temperature       0  1.0  1.0    4  307.265208  23516.112771  1.943164  4.098047e-03      NaN
106  Temperature       0  1.0  1.0    5  307.248381  16599.609482  1.868062  2.549969e-03      NaN
107  Temperature       0  1.0  1.0    6  307.265372  25353.759621  1.955469  1.661428e-04      NaN
108  Temperature       0  1.0  1.0    7  307.247369  33545.957233  2.000000  1.125237e-03      NaN
109  Temperature       0  1.0  1.0    8  307.265940  33296.050730  2.000000  2.942876e-07      NaN
110  Temperature       0  1.0  1.0    9  307.265939  33296.087924  2.000000  3.885436e-03      NaN
111  Temperature       0  1.0  1.0   10  307.266234  32120.835611  2.000000  5.005810e-03      NaN
112  Temperature       0  1.0  1.0   11  307.266233  32120.877521  2.000000  5.530592e-03      NaN
113  Temperature       0  1.0  1.0   12  307.266172  32370.902386  2.000000  1.665139e-03      NaN
114  Temperature       0  1.0  1.0   13  307.243531  13951.806250  1.835002  3.225591e-03      NaN
115  Temperature       0  1.0  1.0   14  307.242452   9918.788664  1.778988  2.969170e-03      NaN
116  Temperature       0  1.0  1.0   15  307.248378  16591.599195  1.867974  2.549836e-03      NaN
117  Temperature       0  1.0  1.0   16  307.247608  12693.385567  1.824070  2.356550e-03      NaN
118  Temperature       0  1.0  1.0   17  307.247431  33296.040529  2.000000  1.050133e-03      NaN
119  Temperature       0  1.0  1.0   18  307.265209  23516.057361  1.943164  2.127448e-04      NaN
120  Temperature       0  1.0  1.0   19  307.265373  25353.720992  1.955469  5.101985e-03      NaN
121  Temperature       0  1.0  1.0   20  307.247384  11786.538896  1.811903  2.302901e-03      NaN
122  Temperature       0  1.0  1.0   21  307.243535  13963.632349  1.835156  1.710483e-03      NaN
123  Temperature       0  1.0  1.0   22  307.248381  16599.609482  1.868062  2.549754e-03      NaN
124  Temperature       0  1.0  1.0   23  307.243535  13965.308888  1.835178  6.603825e-04      NaN
125  Temperature       0  1.0  1.0   24  307.266233  32120.877521  2.000000  5.530592e-03      NaN
126  Temperature       0  1.0  1.0   25  307.246683  27351.283348  1.962793  3.533159e-04      NaN
127  Temperature       0  1.0  1.0   26  307.251138  34221.102494  2.000000  4.688205e-03      NaN
128  Temperature       0  1.0  1.0   27  307.266171  32370.912407  2.000000  6.230676e-03      NaN
129  Temperature       0  1.0  1.0   28  307.265940  33295.997310  2.000000  3.885630e-03      NaN
130  Temperature       0  1.0  1.0   29  307.243535  13965.288508  1.835178  6.602920e-04      NaN
131  Temperature       0  1.0  1.0   30  307.265372  25353.753334  1.955469  1.660196e-04      NaN
132  Temperature       0  1.0  1.0   31  307.265372  25353.759343  1.955469  5.101755e-03      NaN
133  Temperature       0  1.0  1.0   32  307.265373  25353.713137  1.955469  5.101878e-03      NaN
134  Temperature       0  1.0  1.0   33  307.265209  23516.057346  1.943164  2.125299e-04      NaN
135  Temperature       0  1.0  1.0   34  307.251223  30971.080792  1.988184  4.433518e-05      NaN
136  Temperature       0  1.0  1.0   35  307.251138  34221.153644  2.000000  4.688220e-03      NaN
137  Temperature       0  1.0  1.0   36  307.265208  23516.112771  1.943164  4.098047e-03      NaN
138  Temperature       0  1.0  1.0   37  307.265208  23516.078077  1.943164  4.098280e-03      NaN
139  Temperature       0  1.0  1.0   38  307.247608  12693.385870  1.824070  2.356657e-03      NaN
140  Temperature       0  1.0  1.0   39  307.265939  33296.066834  2.000000  4.935653e-03      NaN
141  Temperature       0  1.0  1.0   40  307.265940  33295.988054  2.000000  2.922181e-07      NaN
142  Temperature       0  1.0  1.0   41  307.265373  25353.720992  1.955469  5.101985e-03      NaN
143  Temperature       0  1.0  1.0   42  307.251138  34221.176155  2.000000  1.172664e-03      NaN
144  Temperature       0  1.0  1.0   43  307.251138  34221.104493  2.000000  2.222765e-03      NaN
145  Temperature       0  1.0  1.0   44  307.247137  34470.978847  2.000000  8.227625e-04      NaN
146  Temperature       0  1.0  1.0   45  307.251223  30971.080792  1.988184  4.433518e-05      NaN
147  Temperature       0  1.0  1.0   46  307.265940  33296.030259  2.000000  2.942877e-07      NaN
148  Temperature       0  1.0  1.0   47  307.265208  23516.066185  1.943164  4.098161e-03      NaN
149  Temperature       0  1.0  1.0   48  307.251432  33045.925660  2.000000  4.335522e-03      NaN
150  Temperature       0  1.0  1.0   49  307.265208  23516.110460  1.943164  2.125220e-04      NaN
151  Temperature       0  1.0  1.0   50  307.248383  16608.877223  1.868164  2.386116e-03      NaN
152  Temperature       0  1.0  1.0   51  307.265939  33296.063320  2.000000  2.467798e-03      NaN
153  Temperature       0  1.0  1.0   52  307.242698  10687.854266  1.791273  8.607233e-04      NaN
154  Temperature       0  1.0  1.0   53  307.266171  32370.861827  2.000000  5.180834e-03      NaN
155  Temperature       0  1.0  1.0   54  307.251431  33045.712527  2.000000  1.400363e-03      NaN
156  Temperature       0  1.0  1.0   55  307.265939  33296.025732  2.000000  1.942703e-03      NaN
157  Temperature       0  1.0  1.0   56  307.247608  12693.385870  1.824070  2.356442e-03      NaN
158  Temperature       0  1.0  1.0   57  307.247138  34471.209313  2.000000  2.975600e-04      NaN
159  Temperature       0  1.0  1.0   58  307.265939  33296.046151  2.000000  5.828153e-03      NaN
160  Temperature       0  1.0  1.0   59  307.247369  33545.998978  2.000000  5.010808e-03      NaN
161  Temperature       0  1.0  1.0   60  307.251431  33045.712527  2.000000  1.400363e-03      NaN
162  Temperature       0  1.0  1.0   61  307.265939  33296.112588  2.000000  4.935631e-03      NaN
163  Temperature       0  1.0  1.0   62  307.265939  33296.043465  2.000000  6.878282e-03      NaN
164  Temperature       0  1.0  1.0   63  307.265939  33296.040494  2.000000  1.457672e-14      NaN
165  Temperature       0  1.0  1.0   64  307.248383  16608.877228  1.868164  1.335887e-03      NaN
166  Temperature       0  1.0  1.0   65  307.266171  32370.941318  2.000000  2.190526e-03      NaN
167  Temperature       0  1.0  1.0   66  307.265209  23516.066948  1.943164  2.126417e-04      NaN
168  Temperature       0  1.0  1.0   67  307.242454   9923.054312  1.779066  2.968927e-03      NaN
169  Temperature       0  1.0  1.0   68  307.265940  33296.030259  2.000000  2.942877e-07      NaN
170  Temperature       0  1.0  1.0   69  307.248381  16599.584581  1.868062  2.549954e-03      NaN
171  Temperature       0  1.0  1.0   70  307.266233  32120.889531  2.000000  1.590239e-03      NaN
172  Temperature       0  1.0  1.0   71  307.246522  25443.673639  1.950977  3.994981e-04      NaN
173  Temperature       0  1.0  1.0   72  307.247138  34471.155158  2.000000  8.776009e-04      NaN
174  Temperature       0  1.0  1.0   73  307.265939  33296.063320  2.000000  2.467798e-03      NaN
175  Temperature       0  1.0  1.0   74  307.265372  25353.765575  1.955469  5.101859e-03      NaN
176  Temperature       0  1.0  1.0   75  307.265940  33296.041000  2.000000  4.935722e-03      NaN
177  Temperature       0  1.0  1.0   76  307.265209  23516.057361  1.943164  2.127448e-04      NaN
178  Temperature       0  1.0  1.0   77  307.248381  16599.584580  1.868062  2.549739e-03      NaN
179  Temperature       0  1.0  1.0   78  307.251432  33046.010959  2.000000  4.500538e-04      NaN
180  Temperature       0  1.0  1.0   79  307.265940  33296.041000  2.000000  4.935722e-03      NaN
181  Temperature       0  1.0  1.0   80  307.265940  33295.998397  2.000000  4.130926e-08      NaN
182  Temperature       0  1.0  1.0   81  307.243535  13965.288508  1.835178  6.602920e-04      NaN
183  Temperature       0  1.0  1.0   82  307.266171  32370.912407  2.000000  6.230676e-03      NaN
184  Temperature       0  1.0  1.0   83  307.247138  34471.143720  2.000000  5.288331e-03      NaN
185  Temperature       0  1.0  1.0   84  307.265208  23516.123286  1.943164  4.098162e-03      NaN
186  Temperature       0  1.0  1.0   85  307.266233  32120.877521  2.000000  5.530592e-03      NaN
187  Temperature       0  1.0  1.0   86  307.265940  33295.962780  2.000000  1.178749e-07      NaN
188  Temperature       0  1.0  1.0   87  307.265940  33296.041000  2.000000  4.935722e-03      NaN
189  Temperature       0  1.0  1.0   88  307.266234  32120.838446  2.000000  1.590116e-03      NaN
190  Temperature       0  1.0  1.0   89  307.242454   9923.054312  1.779066  2.968927e-03      NaN
191  Temperature       0  1.0  1.0   90  307.248381  16599.584581  1.868062  2.549954e-03      NaN
192  Temperature       0  1.0  1.0   91  307.266233  32120.876508  2.000000  2.115531e-03      NaN
193  Temperature       0  1.0  1.0   92  307.248383  16608.852408  1.868164  2.386132e-03      NaN
194  Temperature       0  1.0  1.0   93  307.247138  34471.209313  2.000000  2.975600e-04      NaN
195  Temperature       0  1.0  1.0   94  307.266171  32370.901570  2.000000  6.755742e-03      NaN
196  Temperature       0  1.0  1.0   95  307.266171  32370.861827  2.000000  5.180834e-03      NaN
197  Temperature       0  1.0  1.0   96  307.266171  32370.941318  2.000000  2.190526e-03      NaN
198  Temperature       0  1.0  1.0   97  307.265939  33296.118209  2.000000  1.178748e-07      NaN
199  Temperature       0  1.0  1.0   98  307.242454   9923.054312  1.779066  2.968927e-03      NaN
200  Temperature       0  1.0  1.0   99  307.265940  33296.040494  2.000000  1.457672e-14      NaN
201  Temperature       0  1.0  1.0  100  307.265208  23516.102173  1.943164  2.124106e-04      NaN
202  Temperature       0  2.0  0.0    0  307.254780  33840.046090  2.000000  7.647041e-03      NaN
203  Temperature       0  2.0  0.0    1  307.244039  11477.920924  1.803704  2.459802e-03      NaN
204  Temperature       0  2.0  0.0    2  307.247877  19770.749195  1.903516  1.077813e-03      NaN
205  Temperature       0  2.0  0.0    3  307.255077  33482.412792  2.000000  7.293071e-03      NaN
206  Temperature       0  2.0  0.0    4  307.250305  34682.483003  2.000000  5.482586e-03      NaN
207  Temperature       0  2.0  0.0    5  307.251780  34666.859665  2.000000  3.223951e-03      NaN
208  Temperature       0  2.0  0.0    6  307.257827  34233.565392  2.000000  5.795324e-03      NaN
209  Temperature       0  2.0  0.0    7  307.258040  34193.449348  2.000000  5.897933e-03      NaN
210  Temperature       0  2.0  0.0    8  307.248636  24598.083134  1.939355  8.606833e-04      NaN
211  Temperature       0  2.0  0.0    9  307.254459  34464.232642  2.000000  3.568298e-03      NaN
212  Temperature       0  2.0  0.0   10  307.245255  33840.046090  2.000000  6.144768e-17      NaN
213  Temperature       0  2.0  0.0   11  307.250547  16712.184188  1.872030  3.983340e-03      NaN
214  Temperature       0  2.0  0.0   12  307.262972  32963.360319  2.000000  5.030934e-03      NaN
215  Temperature       0  2.0  0.0   13  307.259772  34008.424255  2.000000  8.833583e-03      NaN
216  Temperature       0  2.0  0.0   14  307.260856  22447.127011  1.930859  3.756259e-03      NaN
217  Temperature       0  2.0  0.0   15  307.244232  33451.154710  1.990820  4.895226e-04      NaN
218  Temperature       0  2.0  0.0   16  307.259973  32862.486047  2.000000  4.495691e-03      NaN
219  Temperature       0  2.0  0.0   17  307.260333  28033.024683  1.971094  3.199817e-03      NaN
220  Temperature       0  2.0  0.0   18  307.244232  33451.154710  1.990820  4.895226e-04      NaN
221  Temperature       0  2.0  0.0   19  307.265319  28896.892238  1.974121  1.438608e-04      NaN
222  Temperature       0  2.0  0.0   20  307.247817  34888.550142  2.000000  5.593450e-03      NaN
223  Temperature       0  2.0  0.0   21  307.251315  33787.386155  2.000000  4.227978e-03      NaN
224  Temperature       0  2.0  0.0   22  307.251588  28701.000267  1.970312  4.864498e-03      NaN
225  Temperature       0  2.0  0.0   23  307.249048  15813.708202  1.863654  6.312100e-03      NaN
226  Temperature       0  2.0  0.0   24  307.252910  15250.640402  1.858188  1.542229e-03      NaN
227  Temperature       0  2.0  0.0   25  307.239006  10060.743463  1.776374  9.387210e-04      NaN
228  Temperature       0  2.0  0.0   26  307.255213  34463.491708  2.000000  7.440453e-03      NaN
229  Temperature       0  2.0  0.0   27  307.251033  22304.463486  1.924609  1.571606e-03      NaN
230  Temperature       0  2.0  0.0   28  307.251972  17044.934240  1.871324  3.906830e-03      NaN
231  Temperature       0  2.0  0.0   29  307.262302  33391.128478  2.000000  5.631784e-03      NaN
232  Temperature       0  2.0  0.0   30  307.254896  33516.602861  2.000000  7.356720e-03      NaN
233  Temperature       0  2.0  0.0   31  307.240644  16921.420021  1.871060  1.749784e-03      NaN
234  Temperature       0  2.0  0.0   32  307.248238  21901.419919  1.920312  9.757473e-04      NaN
235  Temperature       0  2.0  0.0   33  307.236696  10062.016534  1.775581  3.154355e-03      NaN
236  Temperature       0  2.0  0.0   34  307.252820  34612.240735  2.000000  7.673562e-03      NaN
237  Temperature       0  2.0  0.0   35  307.257167  32628.483582  1.997559  5.853072e-03      NaN
238  Temperature       0  2.0  0.0   36  307.251310  14533.426983  1.845052  3.739810e-03      NaN
239  Temperature       0  2.0  0.0   37  307.256405  34239.091505  2.000000  8.034183e-03      NaN
240  Temperature       0  2.0  0.0   38  307.239006  10060.743463  1.776374  9.387210e-04      NaN
241  Temperature       0  2.0  0.0   39  307.241632  22070.535704  1.914648  1.469224e-03      NaN
242  Temperature       0  2.0  0.0   40  307.254389  33510.453019  2.000000  4.546339e-03      NaN
243  Temperature       0  2.0  0.0   41  307.250156  34267.814249  2.000000  6.155330e-04      NaN
244  Temperature       0  2.0  0.0   42  307.255450  33412.277930  2.000000  7.140250e-03      NaN
245  Temperature       0  2.0  0.0   43  307.250600  23373.824854  1.928125  6.695639e-03      NaN
246  Temperature       0  2.0  0.0   44  307.244462  12703.010298  1.820367  2.345335e-03      NaN
247  Temperature       0  2.0  0.0   45  307.255767  30345.606028  1.977051  5.237002e-03      NaN
248  Temperature       0  2.0  0.0   46  307.260186  32822.370004  2.000000  4.123852e-03      NaN
249  Temperature       0  2.0  0.0   47  307.255478  33144.945296  2.000000  7.164540e-03      NaN
250  Temperature       0  2.0  0.0   48  307.241632  22070.535704  1.914648  1.469224e-03      NaN
251  Temperature       0  2.0  0.0   49  307.259973  32862.486047  2.000000  4.495691e-03      NaN
252  Temperature       0  2.0  0.0   50  307.244004  34639.471814  2.000000  1.150326e-03      NaN
253  Temperature       0  2.0  0.0   51  307.256341  34411.699710  2.000000  8.225757e-04      NaN
254  Temperature       0  2.0  0.0   52  307.248238  21901.419919  1.920312  9.757473e-04      NaN
255  Temperature       0  2.0  0.0   53  307.247659  14369.289003  1.841702  3.330723e-04      NaN
256  Temperature       0  2.0  0.0   54  307.252415  27582.268120  1.963672  7.415002e-03      NaN
257  Temperature       0  2.0  0.0   55  307.263554  32591.702754  2.000000  4.512113e-03      NaN
258  Temperature       0  2.0  0.0   56  307.258967  33314.102842  2.000000  5.166384e-03      NaN
259  Temperature       0  2.0  0.0   57  307.258724  27324.007172  1.961621  6.091914e-03      NaN
260  Temperature       0  2.0  0.0   58  307.245255  33840.046090  2.000000  6.144768e-17      NaN
261  Temperature       0  2.0  0.0   59  307.258967  33314.102842  2.000000  5.166384e-03      NaN
262  Temperature       0  2.0  0.0   60  307.252824  34509.874799  2.000000  5.961585e-03      NaN
263  Temperature       0  2.0  0.0   61  307.258040  34193.449348  2.000000  5.897933e-03      NaN
264  Temperature       0  2.0  0.0   62  307.264938  25622.218767  1.954395  2.544038e-04      NaN
265  Temperature       0  2.0  0.0   63  307.258067  22032.887311  1.926465  6.303423e-03      NaN
266  Temperature       0  2.0  0.0   64  307.254780  33840.046090  2.000000  7.647041e-03      NaN
267  Temperature       0  2.0  0.0   65  307.236696  10062.016534  1.775581  3.154355e-03      NaN
268  Temperature       0  2.0  0.0   66  307.240213  13164.681546  1.820631  6.261296e-04      NaN
269  Temperature       0  2.0  0.0   67  307.256415  33794.403933  2.000000  6.138782e-03      NaN
270  Temperature       0  2.0  0.0   68  307.251978  29355.479730  1.969727  1.835075e-03      NaN
271  Temperature       0  2.0  0.0   69  307.248628  26700.862206  1.956445  4.012438e-03      NaN
272  Temperature       0  2.0  0.0   70  307.259605  33194.027569  2.000000  4.588740e-03      NaN
273  Temperature       0  2.0  0.0   71  307.246254  19483.260061  1.896450  3.134115e-03      NaN
274  Temperature       0  2.0  0.0   72  307.261179  24873.599553  1.947656  3.657379e-03      NaN
275  Temperature       0  2.0  0.0   73  307.253261  33562.245018  2.000000  8.221176e-03      NaN
276  Temperature       0  2.0  0.0   74  307.254086  33265.761502  2.000000  2.186449e-03      NaN
277  Temperature       0  2.0  0.0   75  307.252750  33658.461112  2.000000  8.328124e-03      NaN
278  Temperature       0  2.0  0.0   76  307.254391  32909.683190  1.993945  2.544763e-03      NaN
279  Temperature       0  2.0  0.0   77  307.255659  33110.755227  2.000000  7.027128e-03      NaN
280  Temperature       0  2.0  0.0   78  307.249772  33514.030682  2.000000  1.870867e-03      NaN
281  Temperature       0  2.0  0.0   79  307.251040  34140.848202  2.000000  4.625577e-03      NaN
282  Temperature       0  2.0  0.0   80  307.249382  33889.128363  2.000000  4.928791e-03      NaN
283  Temperature       0  2.0  0.0   81  307.252835  34065.187226  2.000000  2.871441e-03      NaN
284  Temperature       0  2.0  0.0   82  307.256024  33464.810862  2.000000  2.153319e-03      NaN
285  Temperature       0  2.0  0.0   83  307.251588  28701.000267  1.970312  4.864498e-03      NaN
286  Temperature       0  2.0  0.0   84  307.238533   9087.685547  1.759623  1.059060e-03      NaN
287  Temperature       0  2.0  0.0   85  307.245232  10069.798122  1.778754  5.019301e-03      NaN
288  Temperature       0  2.0  0.0   86  307.240258  15304.281435  1.854574  1.857794e-03      NaN
289  Temperature       0  2.0  0.0   87  307.241632  22070.535704  1.914648  1.469224e-03      NaN
290  Temperature       0  2.0  0.0   88  307.249680  33833.028312  2.000000  4.938367e-03      NaN
291  Temperature       0  2.0  0.0   89  307.248115  34832.450091  2.000000  5.989274e-03      NaN
292  Temperature       0  2.0  0.0   90  307.243359  25615.219258  1.947070  7.463908e-04      NaN
293  Temperature       0  2.0  0.0   91  307.252910  15250.640402  1.858188  1.542229e-03      NaN
294  Temperature       0  2.0  0.0   92  307.252835  34065.187226  2.000000  2.871441e-03      NaN
295  Temperature       0  2.0  0.0   93  307.261486  33141.494637  2.000000  2.965453e-03      NaN
296  Temperature       0  2.0  0.0   94  307.247071  34989.434957  2.000000  2.325918e-03      NaN
297  Temperature       0  2.0  0.0   95  307.252910  15250.640402  1.858188  1.542229e-03      NaN
298  Temperature       0  2.0  0.0   96  307.246203  24186.652396  1.935449  3.073497e-03      NaN
299  Temperature       0  2.0  0.0   97  307.255211  25852.887719  1.950684  5.089208e-03      NaN
300  Temperature       0  2.0  0.0   98  307.257167  32628.483582  1.997559  5.853072e-03      NaN
301  Temperature       0  2.0  0.0   99  307.257402  34313.524621  2.000000  5.550660e-03      NaN
302  Temperature       0  2.0  0.0  100  307.258967  33314.102842  2.000000  5.166384e-03      NaN
303  Temperature       0  2.0  1.0    0  307.263095  32274.934711  2.000000  6.280366e-03      NaN
304  Temperature       0  2.0  1.0    1  307.251516  32274.934711  2.000000  5.398723e-15      NaN
305  Temperature       0  2.0  1.0    2  307.250358  12691.688617  1.832445  4.519957e-03      NaN
306  Temperature       0  2.0  1.0    3  307.277209  28927.415886  2.000000  1.170878e-02      NaN
307  Temperature       0  2.0  1.0    4  307.266377  30900.316727  2.000000  2.273057e-03      NaN
308  Temperature       0  2.0  1.0    5  307.242418   3130.627905  1.573980  7.906366e-03      NaN
309  Temperature       0  2.0  1.0    6  307.282317  30104.328092  2.000000  5.134000e-03      NaN
310  Temperature       0  2.0  1.0    7  307.266401  30854.617151  2.000000  2.236899e-03      NaN
311  Temperature       0  2.0  1.0    8  307.280021  29779.606421  2.000000  5.734998e-03      NaN
312  Temperature       0  2.0  1.0    9  307.266388  30939.245996  2.000000  2.103614e-03      NaN
313  Temperature       0  2.0  1.0   10  307.263672  20670.867514  1.912109  1.805426e-03      NaN
314  Temperature       0  2.0  1.0   11  307.266474  16534.178205  1.887193  6.960227e-03      NaN
315  Temperature       0  2.0  1.0   12  307.251279  33092.683499  2.000000  5.253268e-04      NaN
316  Temperature       0  2.0  1.0   13  307.276384  30489.030289  2.000000  1.262225e-02      NaN
317  Temperature       0  2.0  1.0   14  307.263799  32791.937565  2.000000  6.913001e-03      NaN
318  Temperature       0  2.0  1.0   15  307.239483   2239.007136  1.517497  7.754802e-03      NaN
319  Temperature       0  2.0  1.0   16  307.258553   4510.100697  1.647692  2.791792e-03      NaN
320  Temperature       0  2.0  1.0   17  307.263107  32313.863979  2.000000  6.206362e-03      NaN
321  Temperature       0  2.0  1.0   18  307.233980   1397.555014  1.428979  5.403906e-03      NaN
322  Temperature       0  2.0  1.0   19  307.251566  33836.549114  2.000000  1.418922e-03      NaN
323  Temperature       0  2.0  1.0   20  307.263050  16134.598952  1.872382  2.052596e-03      NaN
324  Temperature       0  2.0  1.0   21  307.258553   4510.100697  1.647692  2.791792e-03      NaN
325  Temperature       0  2.0  1.0   22  307.264124  31634.698741  1.997559  7.079963e-03      NaN
326  Temperature       0  2.0  1.0   23  307.265691  25339.183209  1.961133  2.073041e-04      NaN
327  Temperature       0  2.0  1.0   24  307.246335   9695.583414  1.778137  3.879960e-03      NaN
328  Temperature       0  2.0  1.0   25  307.266195  32274.934711  2.000000  5.398723e-15      NaN
329  Temperature       0  2.0  1.0   26  307.276840  29687.617060  2.000000  1.206941e-02      NaN
330  Temperature       0  2.0  1.0   27  307.250521  12987.930513  1.837029  4.621167e-03      NaN
331  Temperature       0  2.0  1.0   28  307.249795  18411.387869  1.896803  2.054924e-03      NaN
332  Temperature       0  2.0  1.0   29  307.247428  11047.665638  1.795593  3.359441e-03      NaN
333  Temperature       0  2.0  1.0   30  307.251995  22004.256113  1.922461  5.099492e-03      NaN
334  Temperature       0  2.0  1.0   31  307.250801  27949.763476  1.962695  1.311609e-03      NaN
335  Temperature       0  2.0  1.0   32  307.277408  29580.761963  2.000000  1.132677e-02      NaN
336  Temperature       0  2.0  1.0   33  307.276552  30539.807596  2.000000  1.226337e-02      NaN
337  Temperature       0  2.0  1.0   34  307.265722  25711.529005  1.963477  1.947319e-04      NaN
338  Temperature       0  2.0  1.0   35  307.245546   4904.698028  1.657289  1.013662e-02      NaN
339  Temperature       0  2.0  1.0   36  307.277221  28966.345154  2.000000  1.166670e-02      NaN
340  Temperature       0  2.0  1.0   37  307.267881  28829.038779  1.977637  7.402298e-03      NaN
341  Temperature       0  2.0  1.0   38  307.248531  16165.546309  1.872999  1.585693e-03      NaN
342  Temperature       0  2.0  1.0   39  307.251352  30979.944240  1.992480  1.092426e-04      NaN
343  Temperature       0  2.0  1.0   40  307.266377  30900.316727  2.000000  2.273057e-03      NaN
344  Temperature       0  2.0  1.0   41  307.235652   1790.590765  1.469515  5.737810e-03      NaN
345  Temperature       0  2.0  1.0   42  307.282305  30065.398824  2.000000  5.304322e-03      NaN
346  Temperature       0  2.0  1.0   43  307.266429  16258.923339  1.884460  6.946703e-03      NaN
347  Temperature       0  2.0  1.0   44  307.277400  28932.493617  2.000000  1.132626e-02      NaN
348  Temperature       0  2.0  1.0   45  307.245422   3907.394582  1.621102  9.565861e-03      NaN
349  Temperature       0  2.0  1.0   46  307.282504  30718.744901  2.000000  2.450888e-03      NaN
350  Temperature       0  2.0  1.0   47  307.282710  29298.427342  2.000000  4.687786e-03      NaN
351  Temperature       0  2.0  1.0   48  307.265996  31621.588633  2.000000  2.863086e-03      NaN
352  Temperature       0  2.0  1.0   49  307.279846  29080.560768  2.000000  6.777078e-03      NaN
353  Temperature       0  2.0  1.0   50  307.245931  11695.694085  1.807407  3.749399e-03      NaN
354  Temperature       0  2.0  1.0   51  307.245652   6678.030077  1.714132  2.822521e-03      NaN
355  Temperature       0  2.0  1.0   52  307.281873  30944.670589  2.000000  5.829470e-03      NaN
356  Temperature       0  2.0  1.0   53  307.251252  16753.856706  1.878289  4.854220e-03      NaN
357  Temperature       0  2.0  1.0   54  307.237341   2336.729892  1.513013  6.091120e-03      NaN
358  Temperature       0  2.0  1.0   55  307.247941   6906.479928  1.714308  1.014640e-02      NaN
359  Temperature       0  2.0  1.0   56  307.235671   1515.299656  1.443783  5.276735e-03      NaN
360  Temperature       0  2.0  1.0   57  307.247428  11047.665638  1.795593  3.359441e-03      NaN
361  Temperature       0  2.0  1.0   58  307.251352  30979.944240  1.992480  1.092426e-04      NaN
362  Temperature       0  2.0  1.0   59  307.281183  19321.003894  1.917578  4.436266e-04      NaN
363  Temperature       0  2.0  1.0   60  307.277027  30302.033869  2.000000  1.160176e-02      NaN
364  Temperature       0  2.0  1.0   61  307.246532   8514.492791  1.753452  3.083691e-03      NaN
365  Temperature       0  2.0  1.0   62  307.263664  10819.677079  1.803792  5.251447e-03      NaN
366  Temperature       0  2.0  1.0   63  307.237195   1913.188380  1.481897  5.587242e-03      NaN
367  Temperature       0  2.0  1.0   64  307.277233  28881.716310  2.000000  1.168356e-02      NaN
368  Temperature       0  2.0  1.0   65  307.248531  16165.546309  1.872999  1.585693e-03      NaN
369  Temperature       0  2.0  1.0   66  307.277221  28966.345154  2.000000  1.166670e-02      NaN
370  Temperature       0  2.0  1.0   67  307.241083   2448.285665  1.533781  7.618728e-03      NaN
371  Temperature       0  2.0  1.0   68  307.276801  31858.223679  2.000000  1.200013e-02      NaN
372  Temperature       0  2.0  1.0   69  307.276739  31154.224405  2.000000  1.163037e-02      NaN
373  Temperature       0  2.0  1.0   70  307.280263  30449.754158  2.000000  6.074516e-03      NaN
374  Temperature       0  2.0  1.0   71  307.262939  32263.086672  2.000000  6.563846e-03      NaN
375  Temperature       0  2.0  1.0   72  307.245652   6678.030077  1.714132  2.822521e-03      NaN
376  Temperature       0  2.0  1.0   73  307.250667  33882.248690  2.000000  1.460445e-03      NaN
377  Temperature       0  2.0  1.0   74  307.241385   3886.982136  1.613471  5.867946e-04      NaN
378  Temperature       0  2.0  1.0   75  307.263356  33632.280062  2.000000  6.793288e-03      NaN
379  Temperature       0  2.0  1.0   76  307.244337   3784.108033  1.614808  9.868701e-03      NaN
380  Temperature       0  2.0  1.0   77  307.246532   8514.492791  1.753452  3.083691e-03      NaN
381  Temperature       0  2.0  1.0   78  307.251431  30483.094964  1.989746  2.906505e-04      NaN
382  Temperature       0  2.0  1.0   79  307.279822  29126.260344  2.000000  6.811704e-03      NaN
383  Temperature       0  2.0  1.0   80  307.264041  29673.056814  1.986328  6.801686e-03      NaN
384  Temperature       0  2.0  1.0   81  307.235567   1492.440365  1.441292  5.256729e-03      NaN
385  Temperature       0  2.0  1.0   82  307.245137   9056.439776  1.765442  3.704650e-03      NaN
386  Temperature       0  2.0  1.0   83  307.265691  25339.183209  1.961133  2.073041e-04      NaN
387  Temperature       0  2.0  1.0   84  307.250823  33894.096728  2.000000  1.413997e-03      NaN
388  Temperature       0  2.0  1.0   85  307.252390  32274.934711  2.000000  5.398723e-15      NaN
389  Temperature       0  2.0  1.0   86  307.266008  31660.517902  2.000000  2.692491e-03      NaN
390  Temperature       0  2.0  1.0   87  307.250679  33921.177958  2.000000  1.304832e-03      NaN
391  Temperature       0  2.0  1.0   88  307.249299  11941.994499  1.821513  4.801225e-03      NaN
392  Temperature       0  2.0  1.0   89  307.251264  29260.021815  1.982227  1.810080e-04      NaN
393  Temperature       0  2.0  1.0   90  307.277563  29592.610001  2.000000  1.098971e-02      NaN
394  Temperature       0  2.0  1.0   91  307.243726   5244.901626  1.663582  7.068700e-04      NaN
395  Temperature       0  2.0  1.0   92  307.235652   1790.590765  1.469515  5.737810e-03      NaN
396  Temperature       0  2.0  1.0   93  307.263775  30740.401537  2.000000  5.559069e-03      NaN
397  Temperature       0  2.0  1.0   94  307.266401  30854.617151  2.000000  2.236899e-03      NaN
398  Temperature       0  2.0  1.0   95  307.246953  11905.441652  1.811022  3.647583e-03      NaN
399  Temperature       0  2.0  1.0   96  307.262951  32302.015941  2.000000  6.494362e-03      NaN
400  Temperature       0  2.0  1.0   97  307.282278  32274.934711  2.000000  5.398723e-15      NaN
401  Temperature       0  2.0  1.0   98  307.281726  24759.738997  1.957422  2.275464e-04      NaN
402  Temperature       0  2.0  1.0   99  307.263955  32803.785603  2.000000  6.609925e-03      NaN
403  Temperature       0  2.0  1.0  100  307.246985   7305.068996  1.730442  2.667055e-03      NaN
404  Temperature       0  inf  0.0    0  307.256685  33296.090451  2.000000  9.254170e-03      NaN
405  Temperature       0  inf  0.0    1  307.257263  32371.021251  2.000000  8.907280e-03      NaN
406  Temperature       0  inf  0.0    2  307.259770  32062.221902  2.000000  7.403363e-03      NaN
407  Temperature       0  inf  0.0    3  307.242482  14563.927992  1.842055  1.178763e-03      NaN
408  Temperature       0  inf  0.0    4  307.249403  34221.201945  2.000000  1.734668e-03      NaN
409  Temperature       0  inf  0.0    5  307.247400   8721.737567  1.757860  5.381730e-03      NaN
410  Temperature       0  inf  0.0    6  307.241024  10551.358304  1.789157  1.631656e-03      NaN
411  Temperature       0  inf  0.0    7  307.265097  25636.125289  1.957275  2.985200e-04      NaN
412  Temperature       0  inf  0.0    8  307.264857  23856.134524  1.945508  3.816578e-04      NaN
413  Temperature       0  inf  0.0    9  307.240804  15576.410723  1.853075  3.054713e-03      NaN
414  Temperature       0  inf  0.0   10  307.257263  32371.109901  2.000000  8.907303e-03      NaN
415  Temperature       0  inf  0.0   11  307.256685  33296.091507  2.000000  9.254173e-03      NaN
416  Temperature       0  inf  0.0   12  307.256685  33296.090990  2.000000  9.254158e-03      NaN
417  Temperature       0  inf  0.0   13  307.250057  33033.551482  2.000000  1.575245e-03      NaN
418  Temperature       0  inf  0.0   14  307.265939  33296.091704  2.000000  3.048307e-09      NaN
419  Temperature       0  inf  0.0   15  307.256685  33296.092098  2.000000  9.254159e-03      NaN
420  Temperature       0  inf  0.0   16  307.258654  33296.093834  2.000000  7.285127e-03      NaN
421  Temperature       0  inf  0.0   17  307.247431  33296.090451  2.000000  7.627028e-15      NaN
422  Temperature       0  inf  0.0   18  307.258654  33296.095710  2.000000  7.285131e-03      NaN
423  Temperature       0  inf  0.0   19  307.243502  15059.131740  1.852105  4.604999e-03      NaN
424  Temperature       0  inf  0.0   20  307.265939  33296.090451  2.000000  7.627028e-15      NaN
425  Temperature       0  inf  0.0   21  307.256685  33296.088080  2.000000  9.254173e-03      NaN
426  Temperature       0  inf  0.0   22  307.257572  23856.241565  1.945508  6.904098e-03      NaN
427  Temperature       0  inf  0.0   23  307.248678  33655.284307  1.996680  1.551754e-03      NaN
428  Temperature       0  inf  0.0   24  307.256685  33296.097280  2.000000  9.254192e-03      NaN
429  Temperature       0  inf  0.0   25  307.242482  14563.929889  1.842055  1.178765e-03      NaN
430  Temperature       0  inf  0.0   26  307.256685  33296.089541  2.000000  9.254167e-03      NaN
431  Temperature       0  inf  0.0   27  307.252464  14053.886723  1.840776  4.556259e-03      NaN
432  Temperature       0  inf  0.0   28  307.247400   8721.737546  1.757860  5.381740e-03      NaN
433  Temperature       0  inf  0.0   29  307.239694  12119.024900  1.811903  3.404794e-03      NaN
434  Temperature       0  inf  0.0   30  307.258654  33296.091281  2.000000  7.285108e-03      NaN
435  Temperature       0  inf  0.0   31  307.247400   8721.737877  1.757860  5.381733e-03      NaN
436  Temperature       0  inf  0.0   32  307.256685  33296.116599  2.000000  9.254175e-03      NaN
437  Temperature       0  inf  0.0   33  307.256685  33296.116599  2.000000  9.254185e-03      NaN
438  Temperature       0  inf  0.0   34  307.256685  33296.080724  2.000000  9.254188e-03      NaN
439  Temperature       0  inf  0.0   35  307.258654  33296.130684  2.000000  7.285131e-03      NaN
440  Temperature       0  inf  0.0   36  307.258651  32370.994031  2.000000  7.519634e-03      NaN
441  Temperature       0  inf  0.0   37  307.246097  27980.323442  1.966504  6.347109e-04      NaN
442  Temperature       0  inf  0.0   38  307.255844  25643.594928  1.957324  8.956157e-03      NaN
443  Temperature       0  inf  0.0   39  307.244881  13108.879285  1.829359  2.823679e-03      NaN
444  Temperature       0  inf  0.0   40  307.256685  33296.089260  2.000000  9.254177e-03      NaN
445  Temperature       0  inf  0.0   41  307.248633  11313.966390  1.800618  5.752446e-03      NaN
446  Temperature       0  inf  0.0   42  307.259770  32062.221902  2.000000  7.403363e-03      NaN
447  Temperature       0  inf  0.0   43  307.249556  33046.197103  2.000000  1.875366e-03      NaN
448  Temperature       0  inf  0.0   44  307.264857  23856.129732  1.945508  3.816658e-04      NaN
449  Temperature       0  inf  0.0   45  307.247593  24359.928812  1.943848  1.169512e-03      NaN
450  Temperature       0  inf  0.0   46  307.244531  19360.720260  1.893277  4.270020e-03      NaN
451  Temperature       0  inf  0.0   47  307.246697  34471.220798  2.000000  4.406906e-04      NaN
452  Temperature       0  inf  0.0   48  307.264857  23856.132135  1.945508  3.816665e-04      NaN
453  Temperature       0  inf  0.0   49  307.239377  11307.909596  1.800530  3.502507e-03      NaN
454  Temperature       0  inf  0.0   50  307.261739  32062.206548  2.000000  5.434289e-03      NaN
455  Temperature       0  inf  0.0   51  307.254201  20112.627187  1.912500  8.224069e-03      NaN
456  Temperature       0  inf  0.0   52  307.258654  33296.084994  2.000000  7.285132e-03      NaN
457  Temperature       0  inf  0.0   53  307.257420  32120.983335  2.000000  8.813507e-03      NaN
458  Temperature       0  inf  0.0   54  307.261739  32062.207799  2.000000  5.434282e-03      NaN
459  Temperature       0  inf  0.0   55  307.265939  33296.089705  2.000000  1.260034e-08      NaN
460  Temperature       0  inf  0.0   56  307.250057  33033.551482  2.000000  1.575245e-03      NaN
461  Temperature       0  inf  0.0   57  307.261083  32324.752350  2.000000  5.828119e-03      NaN
462  Temperature       0  inf  0.0   58  307.259183  32120.956215  2.000000  7.050818e-03      NaN
463  Temperature       0  inf  0.0   59  307.239377  11307.909596  1.800530  3.502507e-03      NaN
464  Temperature       0  inf  0.0   60  307.256685  33296.091902  2.000000  9.254177e-03      NaN
465  Temperature       0  inf  0.0   61  307.252464  14053.888094  1.840776  4.556257e-03      NaN
466  Temperature       0  inf  0.0   62  307.248677  33655.291171  1.996680  1.551732e-03      NaN
467  Temperature       0  inf  0.0   63  307.258654  33296.096190  2.000000  7.285131e-03      NaN
468  Temperature       0  inf  0.0   64  307.265939  33296.091045  2.000000  1.106927e-08      NaN
469  Temperature       0  inf  0.0   65  307.259114  32324.743420  2.000000  7.797138e-03      NaN
470  Temperature       0  inf  0.0   66  307.256685  33296.089260  2.000000  9.254177e-03      NaN
471  Temperature       0  inf  0.0   67  307.258654  33296.091357  2.000000  7.285121e-03      NaN
472  Temperature       0  inf  0.0   68  307.247400   8721.737567  1.757860  5.381730e-03      NaN
473  Temperature       0  inf  0.0   69  307.256685  33296.089331  2.000000  9.254175e-03      NaN
474  Temperature       0  inf  0.0   70  307.259183  32120.956215  2.000000  7.050818e-03      NaN
475  Temperature       0  inf  0.0   71  307.257420  32120.984219  2.000000  8.813503e-03      NaN
476  Temperature       0  inf  0.0   72  307.258654  33296.091281  2.000000  7.285108e-03      NaN
477  Temperature       0  inf  0.0   73  307.246697  34471.220798  2.000000  4.406906e-04      NaN
478  Temperature       0  inf  0.0   74  307.249403  34221.201945  2.000000  1.734668e-03      NaN
479  Temperature       0  inf  0.0   75  307.265097  25636.125599  1.957275  2.985297e-04      NaN
480  Temperature       0  inf  0.0   76  307.259389  32120.977492  2.000000  6.844452e-03      NaN
481  Temperature       0  inf  0.0   77  307.253941  18717.644000  1.900732  8.136748e-03      NaN
482  Temperature       0  inf  0.0   78  307.258654  33296.092569  2.000000  7.285110e-03      NaN
483  Temperature       0  inf  0.0   79  307.248633  11313.966390  1.800618  5.752437e-03      NaN
484  Temperature       0  inf  0.0   80  307.259233  32371.015172  2.000000  6.938219e-03      NaN
485  Temperature       0  inf  0.0   81  307.256685  33296.084235  2.000000  9.254195e-03      NaN
486  Temperature       0  inf  0.0   82  307.256685  33296.090658  2.000000  9.254168e-03      NaN
487  Temperature       0  inf  0.0   83  307.265097  25636.122628  1.957275  2.985193e-04      NaN
488  Temperature       0  inf  0.0   84  307.242482  14563.929889  1.842055  1.178765e-03      NaN
489  Temperature       0  inf  0.0   85  307.256685  33296.088068  2.000000  9.254175e-03      NaN
490  Temperature       0  inf  0.0   86  307.248633  11313.966390  1.800618  5.752446e-03      NaN
491  Temperature       0  inf  0.0   87  307.256685  33296.099174  2.000000  9.254162e-03      NaN
492  Temperature       0  inf  0.0   88  307.256685  33296.116599  2.000000  9.254185e-03      NaN
493  Temperature       0  inf  0.0   89  307.265939  33296.089793  2.000000  1.271510e-08      NaN
494  Temperature       0  inf  0.0   90  307.256685  33296.086829  2.000000  9.254181e-03      NaN
495  Temperature       0  inf  0.0   91  307.244531  19360.720260  1.893277  4.270020e-03      NaN
496  Temperature       0  inf  0.0   92  307.256685  33296.090658  2.000000  9.254168e-03      NaN
497  Temperature       0  inf  0.0   93  307.244531  19360.720223  1.893277  4.270010e-03      NaN
498  Temperature       0  inf  0.0   94  307.246972  34267.439753  2.000000  3.426092e-03      NaN
499  Temperature       0  inf  0.0   95  307.256685  33296.091507  2.000000  9.254164e-03      NaN
500  Temperature       0  inf  0.0   96  307.241024  10551.358304  1.789157  1.631656e-03      NaN
501  Temperature       0  inf  0.0   97  307.256685  33296.090395  2.000000  9.254171e-03      NaN
502  Temperature       0  inf  0.0   98  307.245178  14050.131806  1.840732  2.729275e-03      NaN
503  Temperature       0  inf  0.0   99  307.256685  33296.090686  2.000000  9.254168e-03      NaN
504  Temperature       0  inf  0.0  100  307.257420  32120.984219  2.000000  8.813503e-03      NaN
505  Temperature       0  inf  1.0    0  307.262054  31353.407996  2.000000  4.371077e-03      NaN
506  Temperature       0  inf  1.0    1  307.253375  30298.476350  1.990234  3.840465e-04      NaN
507  Temperature       0  inf  1.0    2  307.253080  24172.254799  1.945801  8.368125e-04      NaN
508  Temperature       0  inf  1.0    3  307.252958  33218.865791  2.000000  1.777082e-03      NaN
509  Temperature       0  inf  1.0    4  307.242829   5367.561255  1.660278  5.740304e-04      NaN
510  Temperature       0  inf  1.0    5  307.253210  33344.861856  2.000000  1.493591e-03      NaN
511  Temperature       0  inf  1.0    6  307.245210   8903.146512  1.755039  3.504310e-03      NaN
512  Temperature       0  inf  1.0    7  307.252867  24651.200385  1.957031  2.594198e-04      NaN
513  Temperature       0  inf  1.0    8  307.247046  15684.764929  1.848226  3.565653e-03      NaN
514  Temperature       0  inf  1.0    9  307.244844    865.538866  1.373572  8.991223e-03      NaN
515  Temperature       0  inf  1.0   10  307.286615  23027.607975  2.000000  1.248871e-02      NaN
516  Temperature       0  inf  1.0   11  307.230343    492.070741  1.248003  4.656653e-03      NaN
517  Temperature       0  inf  1.0   12  307.293528  26483.922251  2.000000  4.711991e-03      NaN
518  Temperature       0  inf  1.0   13  307.247907    981.594908  1.397644  8.759470e-03      NaN
519  Temperature       0  inf  1.0   14  307.286561  23135.623737  2.000000  1.251572e-02      NaN
520  Temperature       0  inf  1.0   15  307.239351   2821.709533  1.555729  1.145600e-03      NaN
521  Temperature       0  inf  1.0   16  307.290058  24884.048621  2.000000  8.581750e-03      NaN
522  Temperature       0  inf  1.0   17  307.262558  31605.400463  2.000000  3.804095e-03      NaN
523  Temperature       0  inf  1.0   18  307.253535  31871.916183  2.000000  5.742603e-04      NaN
524  Temperature       0  inf  1.0   19  307.263249  28963.663873  2.000000  3.773639e-03      NaN
525  Temperature       0  inf  1.0   20  307.254377  31743.016785  2.000000  7.273865e-04      NaN
526  Temperature       0  inf  1.0   21  307.247132    937.417814  1.388375  8.575320e-03      NaN
527  Temperature       0  inf  1.0   22  307.262054  31353.407996  2.000000  4.371077e-03      NaN
528  Temperature       0  inf  1.0   23  307.252659   2126.807562  1.524183  9.404258e-03      NaN
529  Temperature       0  inf  1.0   24  307.244612  13313.704441  1.818427  3.307239e-03      NaN
530  Temperature       0  inf  1.0   25  307.231731    703.181859  1.304340  5.367279e-03      NaN
531  Temperature       0  inf  1.0   26  307.285366  25525.450617  2.000000  1.311317e-02      NaN
532  Temperature       0  inf  1.0   27  307.226539    432.888722  1.223953  4.841007e-03      NaN
533  Temperature       0  inf  1.0   28  307.287119  23279.601155  2.000000  1.192173e-02      NaN
534  Temperature       0  inf  1.0   29  307.253114  28289.916916  1.973145  1.252848e-03      NaN
535  Temperature       0  inf  1.0   30  307.286615  23027.605151  2.000000  1.248870e-02      NaN
536  Temperature       0  inf  1.0   31  307.252961  29938.954778  1.990430  1.402030e-04      NaN
537  Temperature       0  inf  1.0   32  307.249459    893.636798  1.363957  3.295481e-03      NaN
538  Temperature       0  inf  1.0   33  307.285366  25525.358289  2.000000  1.311314e-02      NaN
539  Temperature       0  inf  1.0   34  307.253210  33344.861856  2.000000  1.493591e-03      NaN
540  Temperature       0  inf  1.0   35  307.290112  24776.051495  2.000000  8.554751e-03      NaN
541  Temperature       0  inf  1.0   36  307.240475   3438.246784  1.587904  9.687242e-04      NaN
542  Temperature       0  inf  1.0   37  307.242902   8667.916355  1.749044  3.651396e-03      NaN
543  Temperature       0  inf  1.0   38  307.263249  28963.663873  2.000000  3.773639e-03      NaN
544  Temperature       0  inf  1.0   39  307.288863  27273.886756  2.000000  9.179210e-03      NaN
545  Temperature       0  inf  1.0   40  307.258147   8662.787676  1.760857  2.781443e-03      NaN
546  Temperature       0  inf  1.0   41  307.286240  23776.933463  2.000000  1.267604e-02      NaN
547  Temperature       0  inf  1.0   42  307.288863  27273.807831  2.000000  9.179191e-03      NaN
548  Temperature       0  inf  1.0   43  307.286240  23776.936948  2.000000  1.267604e-02      NaN
549  Temperature       0  inf  1.0   44  307.293438  26573.919459  2.000000  4.779489e-03      NaN
550  Temperature       0  inf  1.0   45  307.286615  23027.605803  2.000000  1.248871e-02      NaN
551  Temperature       0  inf  1.0   46  307.249474   1246.207042  1.436796  8.959850e-03      NaN
552  Temperature       0  inf  1.0   47  307.263249  28963.665301  2.000000  3.773640e-03      NaN
553  Temperature       0  inf  1.0   48  307.265553  29980.749984  2.000000  1.215164e-03      NaN
554  Temperature       0  inf  1.0   49  307.287065  23387.594702  2.000000  1.194873e-02      NaN
555  Temperature       0  inf  1.0   50  307.254667  31887.848699  2.000000  4.008315e-04      NaN
556  Temperature       0  inf  1.0   51  307.286744  24028.923550  2.000000  1.210906e-02      NaN
557  Temperature       0  inf  1.0   52  307.254752  30993.418716  2.000000  5.399842e-04      NaN
558  Temperature       0  inf  1.0   53  307.247907    981.594908  1.397644  8.759470e-03      NaN
559  Temperature       0  inf  1.0   54  307.253080  24172.254799  1.945801  8.368125e-04      NaN
560  Temperature       0  inf  1.0   55  307.286561  23135.605106  2.000000  1.251571e-02      NaN
561  Temperature       0  inf  1.0   56  307.255325  14246.541703  1.860569  2.564218e-03      NaN
562  Temperature       0  inf  1.0   57  307.260453  16539.310210  1.865329  2.302382e-03      NaN
563  Temperature       0  inf  1.0   58  307.287065  23387.600300  2.000000  1.194872e-02      NaN
564  Temperature       0  inf  1.0   59  307.251984   2024.312200  1.514429  9.225168e-03      NaN
565  Temperature       0  inf  1.0   60  307.263753  29215.654183  2.000000  3.206658e-03      NaN
566  Temperature       0  inf  1.0   61  307.286240  23776.934925  2.000000  1.267604e-02      NaN
567  Temperature       0  inf  1.0   62  307.258256   8916.700002  1.765530  2.759697e-03      NaN
568  Temperature       0  inf  1.0   63  307.254752  30993.427736  2.000000  5.399859e-04      NaN
569  Temperature       0  inf  1.0   64  307.290112  24776.053743  2.000000  8.554752e-03      NaN
570  Temperature       0  inf  1.0   65  307.248733   1188.978744  1.427389  8.777342e-03      NaN
571  Temperature       0  inf  1.0   66  307.246900  13713.273787  1.824863  3.161791e-03      NaN
572  Temperature       0  inf  1.0   67  307.252867  24651.200385  1.957031  2.594198e-04      NaN
573  Temperature       0  inf  1.0   68  307.244683   1317.823335  1.431331  8.362977e-03      NaN
574  Temperature       0  inf  1.0   69  307.261439   1885.512595  1.513170  6.248262e-03      NaN
575  Temperature       0  inf  1.0   70  307.286615  23027.607975  2.000000  1.248871e-02      NaN
576  Temperature       0  inf  1.0   71  307.252687  31977.845925  2.000000  4.683294e-04      NaN
577  Temperature       0  inf  1.0   72  307.294934  27322.135155  2.000000  3.096001e-03      NaN
578  Temperature       0  inf  1.0   73  307.242829   5367.561255  1.660278  5.740304e-04      NaN
579  Temperature       0  inf  1.0   74  307.224361    360.036184  1.193278  4.639582e-03      NaN
580  Temperature       0  inf  1.0   75  307.292903  27108.353741  2.000000  5.180332e-03      NaN
581  Temperature       0  inf  1.0   76  307.293276  26357.926096  2.000000  4.995482e-03      NaN
582  Temperature       0  inf  1.0   77  307.262928  29604.981566  2.000000  3.933960e-03      NaN
583  Temperature       0  inf  1.0   78  307.263249  28963.665301  2.000000  3.773640e-03      NaN
584  Temperature       0  inf  1.0   79  307.259577  25174.004900  1.943945  5.049844e-03      NaN
585  Temperature       0  inf  1.0   80  307.252867  24651.200385  1.957031  2.594198e-04      NaN
586  Temperature       0  inf  1.0   81  307.287065  23387.600300  2.000000  1.194872e-02      NaN
587  Temperature       0  inf  1.0   82  307.265998  26183.310472  1.970996  1.054165e-04      NaN
588  Temperature       0  inf  1.0   83  307.262054  31353.407996  2.000000  4.371077e-03      NaN
589  Temperature       0  inf  1.0   84  307.245432  10208.178581  1.778843  3.901032e-03      NaN
590  Temperature       0  inf  1.0   85  307.252961  29938.954778  1.990430  1.402030e-04      NaN
591  Temperature       0  inf  1.0   86  307.290112  24776.051495  2.000000  8.554751e-03      NaN
592  Temperature       0  inf  1.0   87  307.255325  14246.541703  1.860569  2.564218e-03      NaN
593  Temperature       0  inf  1.0   88  307.252526  19744.507429  1.913201  9.662932e-04      NaN
594  Temperature       0  inf  1.0   89  307.248733   1188.978744  1.427389  8.777342e-03      NaN
595  Temperature       0  inf  1.0   90  307.265926  25400.589221  1.966113  1.235630e-04      NaN
596  Temperature       0  inf  1.0   91  307.250262  18987.719290  1.904914  1.109033e-03      NaN
597  Temperature       0  inf  1.0   92  307.259161  24817.252770  1.943555  5.573686e-03      NaN
598  Temperature       0  inf  1.0   93  307.259083  24134.782882  1.939062  5.592238e-03      NaN
599  Temperature       0  inf  1.0   94  307.263303  28855.668601  2.000000  3.746641e-03      NaN
600  Temperature       0  inf  1.0   95  307.244167    911.549234  1.373987  7.685922e-03      NaN
601  Temperature       0  inf  1.0   96  307.243793    799.824875  1.358907  8.776197e-03      NaN
602  Temperature       0  inf  1.0   97  307.253114  28289.916916  1.973145  1.252848e-03      NaN
603  Temperature       0  inf  1.0   98  307.286744  24028.930134  2.000000  1.210906e-02      NaN
604  Temperature       0  inf  1.0   99  307.290058  24884.048621  2.000000  8.581750e-03      NaN
605  Temperature       0  inf  1.0  100  307.247132    937.417814  1.388375  8.575320e-03      NaN