/*--------------------------------*- C++ -*----------------------------------*\
  =========                 |
  \\      /  F ield         | OpenFOAM: The Open Source CFD Toolbox
   \\    /   O peration     | Website:  https://openfoam.org
    \\  /    A nd           | Version:  9
     \\/     M anipulation  |
\*---------------------------------------------------------------------------*/
FoamFile
{
    format      ascii;
    class       faceList;
    location    "constant/caseSolid/polyMesh";
    object      faces;
}
// * * * * * * * * * * * * * * * * * * * * * * * * * * * * * * * * * * * * * //


2441
(
4(18 46 420 422)
4(17 423 421 45)
4(46 45 421 420)
4(18 46 424 426)
4(427 426 424 425)
4(46 420 425 424)
4(431 430 428 429)
4(11 39 428 430)
4(10 431 429 38)
4(39 38 429 428)
4(434 430 428 432)
4(435 433 429 431)
4(432 428 429 433)
4(11 39 436 437)
4(39 428 432 436)
4(442 445 441 438)
4(443 442 438 439)
4(444 440 441 445)
4(439 438 441 440)
4(20 48 438 442)
4(19 445 441 47)
4(48 47 441 438)
4(448 442 438 446)
4(449 448 446 447)
4(447 446 438 439)
4(21 49 446 448)
4(49 48 438 446)
4(454 450 451 455)
4(456 455 451 452)
4(457 453 450 454)
4(452 451 450 453)
4(8 36 451 455)
4(7 454 450 35)
4(36 35 450 451)
4(3 460 458 31)
4(461 459 458 460)
4(4 32 459 461)
4(32 31 458 459)
4(464 460 458 462)
4(3 465 463 31)
4(31 463 462 458)
4(467 461 459 466)
4(466 459 458 462)
4(469 468 459 461)
4(5 33 468 469)
4(33 32 459 468)
4(471 469 468 470)
4(470 468 459 466)
4(475 474 472 473)
4(25 53 472 474)
4(24 475 473 52)
4(53 52 473 472)
4(478 474 472 476)
4(479 477 473 475)
4(476 472 473 477)
4(25 53 480 481)
4(53 472 476 480)
4(483 475 473 482)
4(23 483 482 51)
4(52 51 482 473)
4(485 484 482 483)
4(477 473 482 484)
4(12 40 486 487)
4(40 39 436 486)
4(13 41 488 489)
4(41 40 486 488)
4(14 42 490 491)
4(42 41 488 490)
4(15 43 492 493)
4(42 490 492 43)
4(16 44 494 495)
4(44 43 492 494)
4(45 44 494 421)
4(426 445 441 424)
4(47 46 424 441)
4(440 441 424 425)
4(498 448 446 496)
4(499 498 496 497)
4(497 496 446 447)
4(22 50 496 498)
4(50 49 446 496)
4(483 482 496 498)
4(51 50 496 482)
4(484 482 496 497)
4(503 501 429 431)
4(502 500 501 503)
4(433 429 501 500)
4(9 503 501 37)
4(38 37 501 429)
4(455 451 501 503)
4(500 501 451 452)
4(37 36 451 501)
4(505 454 450 504)
4(6 505 504 34)
4(35 34 504 450)
4(507 506 504 505)
4(453 450 504 506)
4(469 468 504 505)
4(506 504 468 470)
4(34 33 468 504)
4(26 54 508 509)
4(54 53 480 508)
4(2 511 510 30)
4(31 30 510 463)
4(27 55 512 513)
4(55 54 508 512)
4(0 515 514 28)
4(30 28 514 510)
4(1 517 516 29)
4(28 29 516 514)
4(29 55 512 516)
4(74 518 420 46)
4(73 45 421 519)
4(74 73 519 518)
4(74 520 424 46)
4(425 424 520 521)
4(74 518 521 520)
4(429 428 522 523)
4(67 522 428 39)
4(66 38 429 523)
4(67 66 523 522)
4(432 428 522 524)
4(433 525 523 429)
4(524 522 523 525)
4(67 526 436 39)
4(67 522 524 526)
4(441 530 527 438)
4(439 438 527 528)
4(440 529 530 441)
4(528 527 530 529)
4(76 527 438 48)
4(75 47 441 530)
4(76 75 530 527)
4(446 438 527 531)
4(447 446 531 532)
4(532 531 527 528)
4(77 531 446 49)
4(77 76 527 531)
4(450 533 534 451)
4(452 451 534 535)
4(453 536 533 450)
4(535 534 533 536)
4(64 534 451 36)
4(63 35 450 533)
4(64 63 533 534)
4(59 31 458 537)
4(459 538 537 458)
4(60 538 459 32)
4(60 59 537 538)
4(462 458 537 539)
4(59 31 463 540)
4(59 540 539 537)
4(466 459 538 541)
4(541 538 537 539)
4(468 542 538 459)
4(61 542 468 33)
4(61 60 538 542)
4(470 468 542 543)
4(543 542 538 541)
4(473 472 544 545)
4(81 544 472 53)
4(80 52 473 545)
4(81 80 545 544)
4(476 472 544 546)
4(477 547 545 473)
4(546 544 545 547)
4(81 548 480 53)
4(81 544 546 548)
4(482 473 545 549)
4(79 51 482 549)
4(80 79 549 545)
4(484 550 549 482)
4(547 545 549 550)
4(68 551 486 40)
4(68 67 526 551)
4(69 552 488 41)
4(69 68 551 552)
4(70 553 490 42)
4(70 69 552 553)
4(71 554 492 43)
4(70 553 554 71)
4(72 555 494 44)
4(72 71 554 555)
4(73 72 555 519)
4(424 441 530 520)
4(75 74 520 530)
4(529 530 520 521)
4(496 446 531 556)
4(497 496 556 557)
4(557 556 531 532)
4(78 556 496 50)
4(78 77 531 556)
4(496 482 549 556)
4(79 78 556 549)
4(550 549 556 557)
4(501 559 523 429)
4(500 558 559 501)
4(525 523 559 558)
4(65 37 501 559)
4(66 65 559 523)
4(501 451 534 559)
4(558 559 534 535)
4(65 64 534 559)
4(504 450 533 560)
4(62 34 504 560)
4(63 62 560 533)
4(506 561 560 504)
4(536 533 560 561)
4(504 468 542 560)
4(561 560 542 543)
4(62 61 542 560)
4(82 562 508 54)
4(82 81 548 562)
4(58 30 510 563)
4(59 58 563 540)
4(83 564 512 55)
4(83 82 562 564)
4(56 28 514 565)
4(58 56 565 563)
4(57 29 516 566)
4(56 57 566 565)
4(57 83 564 566)
4(102 567 518 74)
4(101 73 519 568)
4(102 101 568 567)
4(102 569 520 74)
4(521 520 569 570)
4(102 567 570 569)
4(523 522 571 572)
4(95 571 522 67)
4(94 66 523 572)
4(95 94 572 571)
4(524 522 571 573)
4(525 574 572 523)
4(573 571 572 574)
4(95 575 526 67)
4(95 571 573 575)
4(530 579 576 527)
4(528 527 576 577)
4(529 578 579 530)
4(577 576 579 578)
4(104 576 527 76)
4(103 75 530 579)
4(104 103 579 576)
4(531 527 576 580)
4(532 531 580 581)
4(581 580 576 577)
4(105 580 531 77)
4(105 104 576 580)
4(533 582 583 534)
4(535 534 583 584)
4(536 585 582 533)
4(584 583 582 585)
4(92 583 534 64)
4(91 63 533 582)
4(92 91 582 583)
4(87 59 537 586)
4(538 587 586 537)
4(88 587 538 60)
4(88 87 586 587)
4(539 537 586 588)
4(87 59 540 589)
4(87 589 588 586)
4(541 538 587 590)
4(590 587 586 588)
4(542 591 587 538)
4(89 591 542 61)
4(89 88 587 591)
4(543 542 591 592)
4(592 591 587 590)
4(545 544 593 594)
4(109 593 544 81)
4(108 80 545 594)
4(109 108 594 593)
4(546 544 593 595)
4(547 596 594 545)
4(595 593 594 596)
4(109 597 548 81)
4(109 593 595 597)
4(549 545 594 598)
4(107 79 549 598)
4(108 107 598 594)
4(550 599 598 549)
4(596 594 598 599)
4(96 600 551 68)
4(96 95 575 600)
4(97 601 552 69)
4(97 96 600 601)
4(98 602 553 70)
4(98 97 601 602)
4(99 603 554 71)
4(98 602 603 99)
4(100 604 555 72)
4(100 99 603 604)
4(101 100 604 568)
4(520 530 579 569)
4(103 102 569 579)
4(578 579 569 570)
4(556 531 580 605)
4(557 556 605 606)
4(606 605 580 581)
4(106 605 556 78)
4(106 105 580 605)
4(556 549 598 605)
4(107 106 605 598)
4(599 598 605 606)
4(559 608 572 523)
4(558 607 608 559)
4(574 572 608 607)
4(93 65 559 608)
4(94 93 608 572)
4(559 534 583 608)
4(607 608 583 584)
4(93 92 583 608)
4(560 533 582 609)
4(90 62 560 609)
4(91 90 609 582)
4(561 610 609 560)
4(585 582 609 610)
4(560 542 591 609)
4(610 609 591 592)
4(90 89 591 609)
4(110 611 562 82)
4(110 109 597 611)
4(86 58 563 612)
4(87 86 612 589)
4(111 613 564 83)
4(111 110 611 613)
4(84 56 565 614)
4(86 84 614 612)
4(85 57 566 615)
4(84 85 615 614)
4(85 111 613 615)
4(130 616 567 102)
4(129 101 568 617)
4(130 129 617 616)
4(130 618 569 102)
4(570 569 618 619)
4(130 616 619 618)
4(572 571 620 621)
4(123 620 571 95)
4(122 94 572 621)
4(123 122 621 620)
4(573 571 620 622)
4(574 623 621 572)
4(622 620 621 623)
4(123 624 575 95)
4(123 620 622 624)
4(579 628 625 576)
4(577 576 625 626)
4(578 627 628 579)
4(626 625 628 627)
4(132 625 576 104)
4(131 103 579 628)
4(132 131 628 625)
4(580 576 625 629)
4(581 580 629 630)
4(630 629 625 626)
4(133 629 580 105)
4(133 132 625 629)
4(582 631 632 583)
4(584 583 632 633)
4(585 634 631 582)
4(633 632 631 634)
4(120 632 583 92)
4(119 91 582 631)
4(120 119 631 632)
4(115 87 586 635)
4(587 636 635 586)
4(116 636 587 88)
4(116 115 635 636)
4(588 586 635 637)
4(115 87 589 638)
4(115 638 637 635)
4(590 587 636 639)
4(639 636 635 637)
4(591 640 636 587)
4(117 640 591 89)
4(117 116 636 640)
4(592 591 640 641)
4(641 640 636 639)
4(594 593 642 643)
4(137 642 593 109)
4(136 108 594 643)
4(137 136 643 642)
4(595 593 642 644)
4(596 645 643 594)
4(644 642 643 645)
4(137 646 597 109)
4(137 642 644 646)
4(598 594 643 647)
4(135 107 598 647)
4(136 135 647 643)
4(599 648 647 598)
4(645 643 647 648)
4(124 649 600 96)
4(124 123 624 649)
4(125 650 601 97)
4(125 124 649 650)
4(126 651 602 98)
4(126 125 650 651)
4(127 652 603 99)
4(126 651 652 127)
4(128 653 604 100)
4(128 127 652 653)
4(129 128 653 617)
4(569 579 628 618)
4(131 130 618 628)
4(627 628 618 619)
4(605 580 629 654)
4(606 605 654 655)
4(655 654 629 630)
4(134 654 605 106)
4(134 133 629 654)
4(605 598 647 654)
4(135 134 654 647)
4(648 647 654 655)
4(608 657 621 572)
4(607 656 657 608)
4(623 621 657 656)
4(121 93 608 657)
4(122 121 657 621)
4(608 583 632 657)
4(656 657 632 633)
4(121 120 632 657)
4(609 582 631 658)
4(118 90 609 658)
4(119 118 658 631)
4(610 659 658 609)
4(634 631 658 659)
4(609 591 640 658)
4(659 658 640 641)
4(118 117 640 658)
4(138 660 611 110)
4(138 137 646 660)
4(114 86 612 661)
4(115 114 661 638)
4(139 662 613 111)
4(139 138 660 662)
4(112 84 614 663)
4(114 112 663 661)
4(113 85 615 664)
4(112 113 664 663)
4(113 139 662 664)
4(158 665 616 130)
4(157 129 617 666)
4(158 157 666 665)
4(158 667 618 130)
4(619 618 667 668)
4(158 665 668 667)
4(621 620 669 670)
4(151 669 620 123)
4(150 122 621 670)
4(151 150 670 669)
4(622 620 669 671)
4(623 672 670 621)
4(671 669 670 672)
4(151 673 624 123)
4(151 669 671 673)
4(628 677 674 625)
4(626 625 674 675)
4(627 676 677 628)
4(675 674 677 676)
4(160 674 625 132)
4(159 131 628 677)
4(160 159 677 674)
4(629 625 674 678)
4(630 629 678 679)
4(679 678 674 675)
4(161 678 629 133)
4(161 160 674 678)
4(631 680 681 632)
4(633 632 681 682)
4(634 683 680 631)
4(682 681 680 683)
4(148 681 632 120)
4(147 119 631 680)
4(148 147 680 681)
4(143 115 635 684)
4(636 685 684 635)
4(144 685 636 116)
4(144 143 684 685)
4(637 635 684 686)
4(143 115 638 687)
4(143 687 686 684)
4(639 636 685 688)
4(688 685 684 686)
4(640 689 685 636)
4(145 689 640 117)
4(145 144 685 689)
4(641 640 689 690)
4(690 689 685 688)
4(643 642 691 692)
4(165 691 642 137)
4(164 136 643 692)
4(165 164 692 691)
4(644 642 691 693)
4(645 694 692 643)
4(693 691 692 694)
4(165 695 646 137)
4(165 691 693 695)
4(647 643 692 696)
4(163 135 647 696)
4(164 163 696 692)
4(648 697 696 647)
4(694 692 696 697)
4(152 698 649 124)
4(152 151 673 698)
4(153 699 650 125)
4(153 152 698 699)
4(154 700 651 126)
4(154 153 699 700)
4(155 701 652 127)
4(154 700 701 155)
4(156 702 653 128)
4(156 155 701 702)
4(157 156 702 666)
4(618 628 677 667)
4(159 158 667 677)
4(676 677 667 668)
4(654 629 678 703)
4(655 654 703 704)
4(704 703 678 679)
4(162 703 654 134)
4(162 161 678 703)
4(654 647 696 703)
4(163 162 703 696)
4(697 696 703 704)
4(657 706 670 621)
4(656 705 706 657)
4(672 670 706 705)
4(149 121 657 706)
4(150 149 706 670)
4(657 632 681 706)
4(705 706 681 682)
4(149 148 681 706)
4(658 631 680 707)
4(146 118 658 707)
4(147 146 707 680)
4(659 708 707 658)
4(683 680 707 708)
4(658 640 689 707)
4(708 707 689 690)
4(146 145 689 707)
4(166 709 660 138)
4(166 165 695 709)
4(142 114 661 710)
4(143 142 710 687)
4(167 711 662 139)
4(167 166 709 711)
4(140 112 663 712)
4(142 140 712 710)
4(141 113 664 713)
4(140 141 713 712)
4(141 167 711 713)
4(186 714 665 158)
4(185 157 666 715)
4(186 185 715 714)
4(186 716 667 158)
4(668 667 716 717)
4(186 714 717 716)
4(670 669 718 719)
4(179 718 669 151)
4(178 150 670 719)
4(179 178 719 718)
4(671 669 718 720)
4(672 721 719 670)
4(720 718 719 721)
4(179 722 673 151)
4(179 718 720 722)
4(677 726 723 674)
4(675 674 723 724)
4(676 725 726 677)
4(724 723 726 725)
4(188 723 674 160)
4(187 159 677 726)
4(188 187 726 723)
4(678 674 723 727)
4(679 678 727 728)
4(728 727 723 724)
4(189 727 678 161)
4(189 188 723 727)
4(680 729 730 681)
4(682 681 730 731)
4(683 732 729 680)
4(731 730 729 732)
4(176 730 681 148)
4(175 147 680 729)
4(176 175 729 730)
4(171 143 684 733)
4(685 734 733 684)
4(172 734 685 144)
4(172 171 733 734)
4(686 684 733 735)
4(171 143 687 736)
4(171 736 735 733)
4(688 685 734 737)
4(737 734 733 735)
4(689 738 734 685)
4(173 738 689 145)
4(173 172 734 738)
4(690 689 738 739)
4(739 738 734 737)
4(692 691 740 741)
4(193 740 691 165)
4(192 164 692 741)
4(193 192 741 740)
4(693 691 740 742)
4(694 743 741 692)
4(742 740 741 743)
4(193 744 695 165)
4(193 740 742 744)
4(696 692 741 745)
4(191 163 696 745)
4(192 191 745 741)
4(697 746 745 696)
4(743 741 745 746)
4(180 747 698 152)
4(180 179 722 747)
4(181 748 699 153)
4(181 180 747 748)
4(182 749 700 154)
4(182 181 748 749)
4(183 750 701 155)
4(182 749 750 183)
4(184 751 702 156)
4(184 183 750 751)
4(185 184 751 715)
4(667 677 726 716)
4(187 186 716 726)
4(725 726 716 717)
4(703 678 727 752)
4(704 703 752 753)
4(753 752 727 728)
4(190 752 703 162)
4(190 189 727 752)
4(703 696 745 752)
4(191 190 752 745)
4(746 745 752 753)
4(706 755 719 670)
4(705 754 755 706)
4(721 719 755 754)
4(177 149 706 755)
4(178 177 755 719)
4(706 681 730 755)
4(754 755 730 731)
4(177 176 730 755)
4(707 680 729 756)
4(174 146 707 756)
4(175 174 756 729)
4(708 757 756 707)
4(732 729 756 757)
4(707 689 738 756)
4(757 756 738 739)
4(174 173 738 756)
4(194 758 709 166)
4(194 193 744 758)
4(170 142 710 759)
4(171 170 759 736)
4(195 760 711 167)
4(195 194 758 760)
4(168 140 712 761)
4(170 168 761 759)
4(169 141 713 762)
4(168 169 762 761)
4(169 195 760 762)
4(214 763 714 186)
4(213 185 715 764)
4(214 213 764 763)
4(214 765 716 186)
4(717 716 765 766)
4(214 763 766 765)
4(719 718 767 768)
4(207 767 718 179)
4(206 178 719 768)
4(207 206 768 767)
4(720 718 767 769)
4(721 770 768 719)
4(769 767 768 770)
4(207 771 722 179)
4(207 767 769 771)
4(726 775 772 723)
4(724 723 772 773)
4(725 774 775 726)
4(773 772 775 774)
4(216 772 723 188)
4(215 187 726 775)
4(216 215 775 772)
4(727 723 772 776)
4(728 727 776 777)
4(777 776 772 773)
4(217 776 727 189)
4(217 216 772 776)
4(729 778 779 730)
4(731 730 779 780)
4(732 781 778 729)
4(780 779 778 781)
4(204 779 730 176)
4(203 175 729 778)
4(204 203 778 779)
4(199 171 733 782)
4(734 783 782 733)
4(200 783 734 172)
4(200 199 782 783)
4(735 733 782 784)
4(199 171 736 785)
4(199 785 784 782)
4(737 734 783 786)
4(786 783 782 784)
4(738 787 783 734)
4(201 787 738 173)
4(201 200 783 787)
4(739 738 787 788)
4(788 787 783 786)
4(741 740 789 790)
4(221 789 740 193)
4(220 192 741 790)
4(221 220 790 789)
4(742 740 789 791)
4(743 792 790 741)
4(791 789 790 792)
4(221 793 744 193)
4(221 789 791 793)
4(745 741 790 794)
4(219 191 745 794)
4(220 219 794 790)
4(746 795 794 745)
4(792 790 794 795)
4(208 796 747 180)
4(208 207 771 796)
4(209 797 748 181)
4(209 208 796 797)
4(210 798 749 182)
4(210 209 797 798)
4(211 799 750 183)
4(210 798 799 211)
4(212 800 751 184)
4(212 211 799 800)
4(213 212 800 764)
4(716 726 775 765)
4(215 214 765 775)
4(774 775 765 766)
4(752 727 776 801)
4(753 752 801 802)
4(802 801 776 777)
4(218 801 752 190)
4(218 217 776 801)
4(752 745 794 801)
4(219 218 801 794)
4(795 794 801 802)
4(755 804 768 719)
4(754 803 804 755)
4(770 768 804 803)
4(205 177 755 804)
4(206 205 804 768)
4(755 730 779 804)
4(803 804 779 780)
4(205 204 779 804)
4(756 729 778 805)
4(202 174 756 805)
4(203 202 805 778)
4(757 806 805 756)
4(781 778 805 806)
4(756 738 787 805)
4(806 805 787 788)
4(202 201 787 805)
4(222 807 758 194)
4(222 221 793 807)
4(198 170 759 808)
4(199 198 808 785)
4(223 809 760 195)
4(223 222 807 809)
4(196 168 761 810)
4(198 196 810 808)
4(197 169 762 811)
4(196 197 811 810)
4(197 223 809 811)
4(242 812 763 214)
4(241 213 764 813)
4(242 241 813 812)
4(242 814 765 214)
4(766 765 814 815)
4(242 812 815 814)
4(768 767 816 817)
4(235 816 767 207)
4(234 206 768 817)
4(235 234 817 816)
4(769 767 816 818)
4(770 819 817 768)
4(818 816 817 819)
4(235 820 771 207)
4(235 816 818 820)
4(775 824 821 772)
4(773 772 821 822)
4(774 823 824 775)
4(822 821 824 823)
4(244 821 772 216)
4(243 215 775 824)
4(244 243 824 821)
4(776 772 821 825)
4(777 776 825 826)
4(826 825 821 822)
4(245 825 776 217)
4(245 244 821 825)
4(778 827 828 779)
4(780 779 828 829)
4(781 830 827 778)
4(829 828 827 830)
4(232 828 779 204)
4(231 203 778 827)
4(232 231 827 828)
4(227 199 782 831)
4(783 832 831 782)
4(228 832 783 200)
4(228 227 831 832)
4(784 782 831 833)
4(227 199 785 834)
4(227 834 833 831)
4(786 783 832 835)
4(835 832 831 833)
4(787 836 832 783)
4(229 836 787 201)
4(229 228 832 836)
4(788 787 836 837)
4(837 836 832 835)
4(790 789 838 839)
4(249 838 789 221)
4(248 220 790 839)
4(249 248 839 838)
4(791 789 838 840)
4(792 841 839 790)
4(840 838 839 841)
4(249 842 793 221)
4(249 838 840 842)
4(794 790 839 843)
4(247 219 794 843)
4(248 247 843 839)
4(795 844 843 794)
4(841 839 843 844)
4(236 845 796 208)
4(236 235 820 845)
4(237 846 797 209)
4(237 236 845 846)
4(238 847 798 210)
4(238 237 846 847)
4(239 848 799 211)
4(238 847 848 239)
4(240 849 800 212)
4(240 239 848 849)
4(241 240 849 813)
4(765 775 824 814)
4(243 242 814 824)
4(823 824 814 815)
4(801 776 825 850)
4(802 801 850 851)
4(851 850 825 826)
4(246 850 801 218)
4(246 245 825 850)
4(801 794 843 850)
4(247 246 850 843)
4(844 843 850 851)
4(804 853 817 768)
4(803 852 853 804)
4(819 817 853 852)
4(233 205 804 853)
4(234 233 853 817)
4(804 779 828 853)
4(852 853 828 829)
4(233 232 828 853)
4(805 778 827 854)
4(230 202 805 854)
4(231 230 854 827)
4(806 855 854 805)
4(830 827 854 855)
4(805 787 836 854)
4(855 854 836 837)
4(230 229 836 854)
4(250 856 807 222)
4(250 249 842 856)
4(226 198 808 857)
4(227 226 857 834)
4(251 858 809 223)
4(251 250 856 858)
4(224 196 810 859)
4(226 224 859 857)
4(225 197 811 860)
4(224 225 860 859)
4(225 251 858 860)
4(270 861 812 242)
4(269 241 813 862)
4(270 269 862 861)
4(270 863 814 242)
4(815 814 863 864)
4(270 861 864 863)
4(817 816 865 866)
4(263 865 816 235)
4(262 234 817 866)
4(263 262 866 865)
4(818 816 865 867)
4(819 868 866 817)
4(867 865 866 868)
4(263 869 820 235)
4(263 865 867 869)
4(824 873 870 821)
4(822 821 870 871)
4(823 872 873 824)
4(871 870 873 872)
4(272 870 821 244)
4(271 243 824 873)
4(272 271 873 870)
4(825 821 870 874)
4(826 825 874 875)
4(875 874 870 871)
4(273 874 825 245)
4(273 272 870 874)
4(827 876 877 828)
4(829 828 877 878)
4(830 879 876 827)
4(878 877 876 879)
4(260 877 828 232)
4(259 231 827 876)
4(260 259 876 877)
4(255 227 831 880)
4(832 881 880 831)
4(256 881 832 228)
4(256 255 880 881)
4(833 831 880 882)
4(255 227 834 883)
4(255 883 882 880)
4(835 832 881 884)
4(884 881 880 882)
4(836 885 881 832)
4(257 885 836 229)
4(257 256 881 885)
4(837 836 885 886)
4(886 885 881 884)
4(839 838 887 888)
4(277 887 838 249)
4(276 248 839 888)
4(277 276 888 887)
4(840 838 887 889)
4(841 890 888 839)
4(889 887 888 890)
4(277 891 842 249)
4(277 887 889 891)
4(843 839 888 892)
4(275 247 843 892)
4(276 275 892 888)
4(844 893 892 843)
4(890 888 892 893)
4(264 894 845 236)
4(264 263 869 894)
4(265 895 846 237)
4(265 264 894 895)
4(266 896 847 238)
4(266 265 895 896)
4(267 897 848 239)
4(266 896 897 267)
4(268 898 849 240)
4(268 267 897 898)
4(269 268 898 862)
4(814 824 873 863)
4(271 270 863 873)
4(872 873 863 864)
4(850 825 874 899)
4(851 850 899 900)
4(900 899 874 875)
4(274 899 850 246)
4(274 273 874 899)
4(850 843 892 899)
4(275 274 899 892)
4(893 892 899 900)
4(853 902 866 817)
4(852 901 902 853)
4(868 866 902 901)
4(261 233 853 902)
4(262 261 902 866)
4(853 828 877 902)
4(901 902 877 878)
4(261 260 877 902)
4(854 827 876 903)
4(258 230 854 903)
4(259 258 903 876)
4(855 904 903 854)
4(879 876 903 904)
4(854 836 885 903)
4(904 903 885 886)
4(258 257 885 903)
4(278 905 856 250)
4(278 277 891 905)
4(254 226 857 906)
4(255 254 906 883)
4(279 907 858 251)
4(279 278 905 907)
4(252 224 859 908)
4(254 252 908 906)
4(253 225 860 909)
4(252 253 909 908)
4(253 279 907 909)
4(298 910 861 270)
4(297 269 862 911)
4(298 297 911 910)
4(298 912 863 270)
4(864 863 912 913)
4(298 910 913 912)
4(866 865 914 915)
4(291 914 865 263)
4(290 262 866 915)
4(291 290 915 914)
4(867 865 914 916)
4(868 917 915 866)
4(916 914 915 917)
4(291 918 869 263)
4(291 914 916 918)
4(873 922 919 870)
4(871 870 919 920)
4(872 921 922 873)
4(920 919 922 921)
4(300 919 870 272)
4(299 271 873 922)
4(300 299 922 919)
4(874 870 919 923)
4(875 874 923 924)
4(924 923 919 920)
4(301 923 874 273)
4(301 300 919 923)
4(876 925 926 877)
4(878 877 926 927)
4(879 928 925 876)
4(927 926 925 928)
4(288 926 877 260)
4(287 259 876 925)
4(288 287 925 926)
4(283 255 880 929)
4(881 930 929 880)
4(284 930 881 256)
4(284 283 929 930)
4(882 880 929 931)
4(283 255 883 932)
4(283 932 931 929)
4(884 881 930 933)
4(933 930 929 931)
4(885 934 930 881)
4(285 934 885 257)
4(285 284 930 934)
4(886 885 934 935)
4(935 934 930 933)
4(888 887 936 937)
4(305 936 887 277)
4(304 276 888 937)
4(305 304 937 936)
4(889 887 936 938)
4(890 939 937 888)
4(938 936 937 939)
4(305 940 891 277)
4(305 936 938 940)
4(892 888 937 941)
4(303 275 892 941)
4(304 303 941 937)
4(893 942 941 892)
4(939 937 941 942)
4(292 943 894 264)
4(292 291 918 943)
4(293 944 895 265)
4(293 292 943 944)
4(294 945 896 266)
4(294 293 944 945)
4(295 946 897 267)
4(294 945 946 295)
4(296 947 898 268)
4(296 295 946 947)
4(297 296 947 911)
4(863 873 922 912)
4(299 298 912 922)
4(921 922 912 913)
4(899 874 923 948)
4(900 899 948 949)
4(949 948 923 924)
4(302 948 899 274)
4(302 301 923 948)
4(899 892 941 948)
4(303 302 948 941)
4(942 941 948 949)
4(902 951 915 866)
4(901 950 951 902)
4(917 915 951 950)
4(289 261 902 951)
4(290 289 951 915)
4(902 877 926 951)
4(950 951 926 927)
4(289 288 926 951)
4(903 876 925 952)
4(286 258 903 952)
4(287 286 952 925)
4(904 953 952 903)
4(928 925 952 953)
4(903 885 934 952)
4(953 952 934 935)
4(286 285 934 952)
4(306 954 905 278)
4(306 305 940 954)
4(282 254 906 955)
4(283 282 955 932)
4(307 956 907 279)
4(307 306 954 956)
4(280 252 908 957)
4(282 280 957 955)
4(281 253 909 958)
4(280 281 958 957)
4(281 307 956 958)
4(326 959 910 298)
4(325 297 911 960)
4(326 325 960 959)
4(326 961 912 298)
4(913 912 961 962)
4(326 959 962 961)
4(915 914 963 964)
4(319 963 914 291)
4(318 290 915 964)
4(319 318 964 963)
4(916 914 963 965)
4(917 966 964 915)
4(965 963 964 966)
4(319 967 918 291)
4(319 963 965 967)
4(922 971 968 919)
4(920 919 968 969)
4(921 970 971 922)
4(969 968 971 970)
4(328 968 919 300)
4(327 299 922 971)
4(328 327 971 968)
4(923 919 968 972)
4(924 923 972 973)
4(973 972 968 969)
4(329 972 923 301)
4(329 328 968 972)
4(925 974 975 926)
4(927 926 975 976)
4(928 977 974 925)
4(976 975 974 977)
4(316 975 926 288)
4(315 287 925 974)
4(316 315 974 975)
4(311 283 929 978)
4(930 979 978 929)
4(312 979 930 284)
4(312 311 978 979)
4(931 929 978 980)
4(311 283 932 981)
4(311 981 980 978)
4(933 930 979 982)
4(982 979 978 980)
4(934 983 979 930)
4(313 983 934 285)
4(313 312 979 983)
4(935 934 983 984)
4(984 983 979 982)
4(937 936 985 986)
4(333 985 936 305)
4(332 304 937 986)
4(333 332 986 985)
4(938 936 985 987)
4(939 988 986 937)
4(987 985 986 988)
4(333 989 940 305)
4(333 985 987 989)
4(941 937 986 990)
4(331 303 941 990)
4(332 331 990 986)
4(942 991 990 941)
4(988 986 990 991)
4(320 992 943 292)
4(320 319 967 992)
4(321 993 944 293)
4(321 320 992 993)
4(322 994 945 294)
4(322 321 993 994)
4(323 995 946 295)
4(322 994 995 323)
4(324 996 947 296)
4(324 323 995 996)
4(325 324 996 960)
4(912 922 971 961)
4(327 326 961 971)
4(970 971 961 962)
4(948 923 972 997)
4(949 948 997 998)
4(998 997 972 973)
4(330 997 948 302)
4(330 329 972 997)
4(948 941 990 997)
4(331 330 997 990)
4(991 990 997 998)
4(951 1000 964 915)
4(950 999 1000 951)
4(966 964 1000 999)
4(317 289 951 1000)
4(318 317 1000 964)
4(951 926 975 1000)
4(999 1000 975 976)
4(317 316 975 1000)
4(952 925 974 1001)
4(314 286 952 1001)
4(315 314 1001 974)
4(953 1002 1001 952)
4(977 974 1001 1002)
4(952 934 983 1001)
4(1002 1001 983 984)
4(314 313 983 1001)
4(334 1003 954 306)
4(334 333 989 1003)
4(310 282 955 1004)
4(311 310 1004 981)
4(335 1005 956 307)
4(335 334 1003 1005)
4(308 280 957 1006)
4(310 308 1006 1004)
4(309 281 958 1007)
4(308 309 1007 1006)
4(309 335 1005 1007)
4(354 1008 959 326)
4(353 325 960 1009)
4(354 353 1009 1008)
4(354 1010 961 326)
4(962 961 1010 1011)
4(354 1008 1011 1010)
4(964 963 1012 1013)
4(347 1012 963 319)
4(346 318 964 1013)
4(347 346 1013 1012)
4(965 963 1012 1014)
4(966 1015 1013 964)
4(1014 1012 1013 1015)
4(347 1016 967 319)
4(347 1012 1014 1016)
4(971 1020 1017 968)
4(969 968 1017 1018)
4(970 1019 1020 971)
4(1018 1017 1020 1019)
4(356 1017 968 328)
4(355 327 971 1020)
4(356 355 1020 1017)
4(972 968 1017 1021)
4(973 972 1021 1022)
4(1022 1021 1017 1018)
4(357 1021 972 329)
4(357 356 1017 1021)
4(974 1023 1024 975)
4(976 975 1024 1025)
4(977 1026 1023 974)
4(1025 1024 1023 1026)
4(344 1024 975 316)
4(343 315 974 1023)
4(344 343 1023 1024)
4(339 311 978 1027)
4(979 1028 1027 978)
4(340 1028 979 312)
4(340 339 1027 1028)
4(980 978 1027 1029)
4(339 311 981 1030)
4(339 1030 1029 1027)
4(982 979 1028 1031)
4(1031 1028 1027 1029)
4(983 1032 1028 979)
4(341 1032 983 313)
4(341 340 1028 1032)
4(984 983 1032 1033)
4(1033 1032 1028 1031)
4(986 985 1034 1035)
4(361 1034 985 333)
4(360 332 986 1035)
4(361 360 1035 1034)
4(987 985 1034 1036)
4(988 1037 1035 986)
4(1036 1034 1035 1037)
4(361 1038 989 333)
4(361 1034 1036 1038)
4(990 986 1035 1039)
4(359 331 990 1039)
4(360 359 1039 1035)
4(991 1040 1039 990)
4(1037 1035 1039 1040)
4(348 1041 992 320)
4(348 347 1016 1041)
4(349 1042 993 321)
4(349 348 1041 1042)
4(350 1043 994 322)
4(350 349 1042 1043)
4(351 1044 995 323)
4(350 1043 1044 351)
4(352 1045 996 324)
4(352 351 1044 1045)
4(353 352 1045 1009)
4(961 971 1020 1010)
4(355 354 1010 1020)
4(1019 1020 1010 1011)
4(997 972 1021 1046)
4(998 997 1046 1047)
4(1047 1046 1021 1022)
4(358 1046 997 330)
4(358 357 1021 1046)
4(997 990 1039 1046)
4(359 358 1046 1039)
4(1040 1039 1046 1047)
4(1000 1049 1013 964)
4(999 1048 1049 1000)
4(1015 1013 1049 1048)
4(345 317 1000 1049)
4(346 345 1049 1013)
4(1000 975 1024 1049)
4(1048 1049 1024 1025)
4(345 344 1024 1049)
4(1001 974 1023 1050)
4(342 314 1001 1050)
4(343 342 1050 1023)
4(1002 1051 1050 1001)
4(1026 1023 1050 1051)
4(1001 983 1032 1050)
4(1051 1050 1032 1033)
4(342 341 1032 1050)
4(362 1052 1003 334)
4(362 361 1038 1052)
4(338 310 1004 1053)
4(339 338 1053 1030)
4(363 1054 1005 335)
4(363 362 1052 1054)
4(336 308 1006 1055)
4(338 336 1055 1053)
4(337 309 1007 1056)
4(336 337 1056 1055)
4(337 363 1054 1056)
4(382 1057 1008 354)
4(381 353 1009 1058)
4(382 381 1058 1057)
4(382 1059 1010 354)
4(1011 1010 1059 1060)
4(382 1057 1060 1059)
4(1013 1012 1061 1062)
4(375 1061 1012 347)
4(374 346 1013 1062)
4(375 374 1062 1061)
4(1014 1012 1061 1063)
4(1015 1064 1062 1013)
4(1063 1061 1062 1064)
4(375 1065 1016 347)
4(375 1061 1063 1065)
4(1020 1069 1066 1017)
4(1018 1017 1066 1067)
4(1019 1068 1069 1020)
4(1067 1066 1069 1068)
4(384 1066 1017 356)
4(383 355 1020 1069)
4(384 383 1069 1066)
4(1021 1017 1066 1070)
4(1022 1021 1070 1071)
4(1071 1070 1066 1067)
4(385 1070 1021 357)
4(385 384 1066 1070)
4(1023 1072 1073 1024)
4(1025 1024 1073 1074)
4(1026 1075 1072 1023)
4(1074 1073 1072 1075)
4(372 1073 1024 344)
4(371 343 1023 1072)
4(372 371 1072 1073)
4(367 339 1027 1076)
4(1028 1077 1076 1027)
4(368 1077 1028 340)
4(368 367 1076 1077)
4(1029 1027 1076 1078)
4(367 339 1030 1079)
4(367 1079 1078 1076)
4(1031 1028 1077 1080)
4(1080 1077 1076 1078)
4(1032 1081 1077 1028)
4(369 1081 1032 341)
4(369 368 1077 1081)
4(1033 1032 1081 1082)
4(1082 1081 1077 1080)
4(1035 1034 1083 1084)
4(389 1083 1034 361)
4(388 360 1035 1084)
4(389 388 1084 1083)
4(1036 1034 1083 1085)
4(1037 1086 1084 1035)
4(1085 1083 1084 1086)
4(389 1087 1038 361)
4(389 1083 1085 1087)
4(1039 1035 1084 1088)
4(387 359 1039 1088)
4(388 387 1088 1084)
4(1040 1089 1088 1039)
4(1086 1084 1088 1089)
4(376 1090 1041 348)
4(376 375 1065 1090)
4(377 1091 1042 349)
4(377 376 1090 1091)
4(378 1092 1043 350)
4(378 377 1091 1092)
4(379 1093 1044 351)
4(378 1092 1093 379)
4(380 1094 1045 352)
4(380 379 1093 1094)
4(381 380 1094 1058)
4(1010 1020 1069 1059)
4(383 382 1059 1069)
4(1068 1069 1059 1060)
4(1046 1021 1070 1095)
4(1047 1046 1095 1096)
4(1096 1095 1070 1071)
4(386 1095 1046 358)
4(386 385 1070 1095)
4(1046 1039 1088 1095)
4(387 386 1095 1088)
4(1089 1088 1095 1096)
4(1049 1098 1062 1013)
4(1048 1097 1098 1049)
4(1064 1062 1098 1097)
4(373 345 1049 1098)
4(374 373 1098 1062)
4(1049 1024 1073 1098)
4(1097 1098 1073 1074)
4(373 372 1073 1098)
4(1050 1023 1072 1099)
4(370 342 1050 1099)
4(371 370 1099 1072)
4(1051 1100 1099 1050)
4(1075 1072 1099 1100)
4(1050 1032 1081 1099)
4(1100 1099 1081 1082)
4(370 369 1081 1099)
4(390 1101 1052 362)
4(390 389 1087 1101)
4(366 338 1053 1102)
4(367 366 1102 1079)
4(391 1103 1054 363)
4(391 390 1101 1103)
4(364 336 1055 1104)
4(366 364 1104 1102)
4(365 337 1056 1105)
4(364 365 1105 1104)
4(365 391 1103 1105)
4(410 1106 1057 382)
4(409 381 1058 1107)
4(410 1108 1059 382)
4(1109 1060 1059 1108)
4(1062 1061 1110 1111)
4(403 1110 1061 375)
4(402 374 1062 1111)
4(1112 1063 1061 1110)
4(1113 1111 1062 1064)
4(403 1114 1065 375)
4(1069 1118 1115 1066)
4(1116 1067 1066 1115)
4(1117 1118 1069 1068)
4(412 1115 1066 384)
4(411 383 1069 1118)
4(1070 1066 1115 1119)
4(1120 1071 1070 1119)
4(413 1119 1070 385)
4(1072 1121 1122 1073)
4(1123 1074 1073 1122)
4(1124 1121 1072 1075)
4(400 1122 1073 372)
4(399 371 1072 1121)
4(395 367 1076 1125)
4(1077 1126 1125 1076)
4(396 1126 1077 368)
4(1127 1078 1076 1125)
4(395 367 1079 1128)
4(1129 1080 1077 1126)
4(1081 1130 1126 1077)
4(397 1130 1081 369)
4(1131 1082 1081 1130)
4(1084 1083 1132 1133)
4(417 1132 1083 389)
4(416 388 1084 1133)
4(1134 1085 1083 1132)
4(1135 1133 1084 1086)
4(417 1136 1087 389)
4(1088 1084 1133 1137)
4(415 387 1088 1137)
4(1138 1137 1088 1089)
4(404 1139 1090 376)
4(405 1140 1091 377)
4(406 1141 1092 378)
4(407 1142 1093 379)
4(408 1143 1094 380)
4(1059 1069 1118 1108)
4(1095 1070 1119 1144)
4(1145 1096 1095 1144)
4(414 1144 1095 386)
4(1095 1088 1137 1144)
4(1098 1147 1111 1062)
4(1146 1147 1098 1097)
4(401 373 1098 1147)
4(1098 1073 1122 1147)
4(1099 1072 1121 1148)
4(398 370 1099 1148)
4(1149 1148 1099 1100)
4(1099 1081 1130 1148)
4(418 1150 1101 390)
4(394 366 1102 1151)
4(419 1152 1103 391)
4(392 364 1104 1153)
4(393 365 1105 1154)
4(517 516 512 513)
4(516 566 564 512)
4(566 615 613 564)
4(615 664 662 613)
4(664 713 711 662)
4(713 762 760 711)
4(762 811 809 760)
4(811 860 858 809)
4(860 909 907 858)
4(909 958 956 907)
4(958 1007 1005 956)
4(1007 1056 1054 1005)
4(1056 1105 1103 1054)
4(1154 1152 1103 1105)
4(513 512 508 509)
4(512 564 562 508)
4(564 613 611 562)
4(613 662 660 611)
4(662 711 709 660)
4(711 760 758 709)
4(760 809 807 758)
4(809 858 856 807)
4(858 907 905 856)
4(907 956 954 905)
4(956 1005 1003 954)
4(1005 1054 1052 1003)
4(1054 1103 1101 1052)
4(1150 1101 1103 1152)
4(509 508 480 481)
4(508 562 548 480)
4(562 611 597 548)
4(611 660 646 597)
4(660 709 695 646)
4(709 758 744 695)
4(758 807 793 744)
4(807 856 842 793)
4(856 905 891 842)
4(905 954 940 891)
4(954 1003 989 940)
4(1003 1052 1038 989)
4(1052 1101 1087 1038)
4(1136 1087 1101 1150)
4(481 480 476 478)
4(480 548 546 476)
4(548 597 595 546)
4(597 646 644 595)
4(646 695 693 644)
4(695 744 742 693)
4(744 793 791 742)
4(793 842 840 791)
4(842 891 889 840)
4(891 940 938 889)
4(940 989 987 938)
4(989 1038 1036 987)
4(1038 1087 1085 1036)
4(1134 1085 1087 1136)
4(478 476 477 479)
4(476 546 547 477)
4(546 595 596 547)
4(595 644 645 596)
4(644 693 694 645)
4(693 742 743 694)
4(742 791 792 743)
4(791 840 841 792)
4(840 889 890 841)
4(889 938 939 890)
4(938 987 988 939)
4(987 1036 1037 988)
4(1036 1085 1086 1037)
4(1135 1086 1085 1134)
4(479 477 484 485)
4(477 547 550 484)
4(547 596 599 550)
4(596 645 648 599)
4(645 694 697 648)
4(694 743 746 697)
4(743 792 795 746)
4(792 841 844 795)
4(841 890 893 844)
4(890 939 942 893)
4(939 988 991 942)
4(988 1037 1040 991)
4(1037 1086 1089 1040)
4(1138 1089 1086 1135)
4(485 484 497 499)
4(484 550 557 497)
4(550 599 606 557)
4(599 648 655 606)
4(648 697 704 655)
4(697 746 753 704)
4(746 795 802 753)
4(795 844 851 802)
4(844 893 900 851)
4(893 942 949 900)
4(942 991 998 949)
4(991 1040 1047 998)
4(1040 1089 1096 1047)
4(1145 1096 1089 1138)
4(499 497 447 449)
4(497 557 532 447)
4(557 606 581 532)
4(606 655 630 581)
4(655 704 679 630)
4(704 753 728 679)
4(753 802 777 728)
4(802 851 826 777)
4(851 900 875 826)
4(900 949 924 875)
4(949 998 973 924)
4(998 1047 1022 973)
4(1047 1096 1071 1022)
4(1120 1071 1096 1145)
4(449 447 439 443)
4(447 532 528 439)
4(532 581 577 528)
4(581 630 626 577)
4(630 679 675 626)
4(679 728 724 675)
4(728 777 773 724)
4(777 826 822 773)
4(826 875 871 822)
4(875 924 920 871)
4(924 973 969 920)
4(973 1022 1018 969)
4(1022 1071 1067 1018)
4(1116 1067 1071 1120)
4(443 439 440 444)
4(439 528 529 440)
4(528 577 578 529)
4(577 626 627 578)
4(626 675 676 627)
4(675 724 725 676)
4(724 773 774 725)
4(773 822 823 774)
4(822 871 872 823)
4(871 920 921 872)
4(920 969 970 921)
4(969 1018 1019 970)
4(1018 1067 1068 1019)
4(1117 1068 1067 1116)
4(444 440 425 427)
4(440 529 521 425)
4(529 578 570 521)
4(578 627 619 570)
4(627 676 668 619)
4(676 725 717 668)
4(725 774 766 717)
4(774 823 815 766)
4(823 872 864 815)
4(872 921 913 864)
4(921 970 962 913)
4(970 1019 1011 962)
4(1019 1068 1060 1011)
4(1109 1060 1068 1117)
4(427 425 420 422)
4(425 521 518 420)
4(521 570 567 518)
4(570 619 616 567)
4(619 668 665 616)
4(668 717 714 665)
4(717 766 763 714)
4(766 815 812 763)
4(815 864 861 812)
4(864 913 910 861)
4(913 962 959 910)
4(962 1011 1008 959)
4(1011 1060 1057 1008)
4(1106 1057 1060 1109)
4(422 420 421 423)
4(420 518 519 421)
4(518 567 568 519)
4(567 616 617 568)
4(616 665 666 617)
4(665 714 715 666)
4(714 763 764 715)
4(763 812 813 764)
4(812 861 862 813)
4(861 910 911 862)
4(910 959 960 911)
4(959 1008 1009 960)
4(1008 1057 1058 1009)
4(1107 1058 1057 1106)
4(423 421 494 495)
4(421 519 555 494)
4(519 568 604 555)
4(568 617 653 604)
4(617 666 702 653)
4(666 715 751 702)
4(715 764 800 751)
4(764 813 849 800)
4(813 862 898 849)
4(862 911 947 898)
4(911 960 996 947)
4(960 1009 1045 996)
4(1009 1058 1094 1045)
4(1143 1094 1058 1107)
4(495 494 492 493)
4(494 555 554 492)
4(555 604 603 554)
4(604 653 652 603)
4(653 702 701 652)
4(702 751 750 701)
4(751 800 799 750)
4(800 849 848 799)
4(849 898 897 848)
4(898 947 946 897)
4(947 996 995 946)
4(996 1045 1044 995)
4(1045 1094 1093 1044)
4(1142 1093 1094 1143)
4(493 492 490 491)
4(492 554 553 490)
4(554 603 602 553)
4(603 652 651 602)
4(652 701 700 651)
4(701 750 749 700)
4(750 799 798 749)
4(799 848 847 798)
4(848 897 896 847)
4(897 946 945 896)
4(946 995 994 945)
4(995 1044 1043 994)
4(1044 1093 1092 1043)
4(1141 1092 1093 1142)
4(491 490 488 489)
4(490 553 552 488)
4(553 602 601 552)
4(602 651 650 601)
4(651 700 699 650)
4(700 749 748 699)
4(749 798 797 748)
4(798 847 846 797)
4(847 896 895 846)
4(896 945 944 895)
4(945 994 993 944)
4(994 1043 1042 993)
4(1043 1092 1091 1042)
4(1140 1091 1092 1141)
4(489 488 486 487)
4(488 552 551 486)
4(552 601 600 551)
4(601 650 649 600)
4(650 699 698 649)
4(699 748 747 698)
4(748 797 796 747)
4(797 846 845 796)
4(846 895 894 845)
4(895 944 943 894)
4(944 993 992 943)
4(993 1042 1041 992)
4(1042 1091 1090 1041)
4(1139 1090 1091 1140)
4(487 486 436 437)
4(486 551 526 436)
4(551 600 575 526)
4(600 649 624 575)
4(649 698 673 624)
4(698 747 722 673)
4(747 796 771 722)
4(796 845 820 771)
4(845 894 869 820)
4(894 943 918 869)
4(943 992 967 918)
4(992 1041 1016 967)
4(1041 1090 1065 1016)
4(1114 1065 1090 1139)
4(437 436 432 434)
4(436 526 524 432)
4(526 575 573 524)
4(575 624 622 573)
4(624 673 671 622)
4(673 722 720 671)
4(722 771 769 720)
4(771 820 818 769)
4(820 869 867 818)
4(869 918 916 867)
4(918 967 965 916)
4(967 1016 1014 965)
4(1016 1065 1063 1014)
4(1112 1063 1065 1114)
4(434 432 433 435)
4(432 524 525 433)
4(524 573 574 525)
4(573 622 623 574)
4(622 671 672 623)
4(671 720 721 672)
4(720 769 770 721)
4(769 818 819 770)
4(818 867 868 819)
4(867 916 917 868)
4(916 965 966 917)
4(965 1014 1015 966)
4(1014 1063 1064 1015)
4(1113 1064 1063 1112)
4(435 433 500 502)
4(433 525 558 500)
4(525 574 607 558)
4(574 623 656 607)
4(623 672 705 656)
4(672 721 754 705)
4(721 770 803 754)
4(770 819 852 803)
4(819 868 901 852)
4(868 917 950 901)
4(917 966 999 950)
4(966 1015 1048 999)
4(1015 1064 1097 1048)
4(1146 1097 1064 1113)
4(502 500 452 456)
4(500 558 535 452)
4(558 607 584 535)
4(607 656 633 584)
4(656 705 682 633)
4(705 754 731 682)
4(754 803 780 731)
4(803 852 829 780)
4(852 901 878 829)
4(901 950 927 878)
4(950 999 976 927)
4(999 1048 1025 976)
4(1048 1097 1074 1025)
4(1123 1074 1097 1146)
4(456 452 453 457)
4(452 535 536 453)
4(535 584 585 536)
4(584 633 634 585)
4(633 682 683 634)
4(682 731 732 683)
4(731 780 781 732)
4(780 829 830 781)
4(829 878 879 830)
4(878 927 928 879)
4(927 976 977 928)
4(976 1025 1026 977)
4(1025 1074 1075 1026)
4(1124 1075 1074 1123)
4(457 453 506 507)
4(453 536 561 506)
4(536 585 610 561)
4(585 634 659 610)
4(634 683 708 659)
4(683 732 757 708)
4(732 781 806 757)
4(781 830 855 806)
4(830 879 904 855)
4(879 928 953 904)
4(928 977 1002 953)
4(977 1026 1051 1002)
4(1026 1075 1100 1051)
4(1149 1100 1075 1124)
4(507 506 470 471)
4(506 561 543 470)
4(561 610 592 543)
4(610 659 641 592)
4(659 708 690 641)
4(708 757 739 690)
4(757 806 788 739)
4(806 855 837 788)
4(855 904 886 837)
4(904 953 935 886)
4(953 1002 984 935)
4(1002 1051 1033 984)
4(1051 1100 1082 1033)
4(1131 1082 1100 1149)
4(471 470 466 467)
4(470 543 541 466)
4(543 592 590 541)
4(592 641 639 590)
4(641 690 688 639)
4(690 739 737 688)
4(739 788 786 737)
4(788 837 835 786)
4(837 886 884 835)
4(886 935 933 884)
4(935 984 982 933)
4(984 1033 1031 982)
4(1033 1082 1080 1031)
4(1129 1080 1082 1131)
4(467 466 462 464)
4(466 541 539 462)
4(541 590 588 539)
4(590 639 637 588)
4(639 688 686 637)
4(688 737 735 686)
4(737 786 784 735)
4(786 835 833 784)
4(835 884 882 833)
4(884 933 931 882)
4(933 982 980 931)
4(982 1031 1029 980)
4(1031 1080 1078 1029)
4(1127 1078 1080 1129)
4(464 462 463 465)
4(462 539 540 463)
4(539 588 589 540)
4(588 637 638 589)
4(637 686 687 638)
4(686 735 736 687)
4(735 784 785 736)
4(784 833 834 785)
4(833 882 883 834)
4(882 931 932 883)
4(931 980 981 932)
4(980 1029 1030 981)
4(1029 1078 1079 1030)
4(1128 1079 1078 1127)
4(465 463 510 511)
4(463 540 563 510)
4(540 589 612 563)
4(589 638 661 612)
4(638 687 710 661)
4(687 736 759 710)
4(736 785 808 759)
4(785 834 857 808)
4(834 883 906 857)
4(883 932 955 906)
4(932 981 1004 955)
4(981 1030 1053 1004)
4(1030 1079 1102 1053)
4(1151 1102 1079 1128)
4(511 510 514 515)
4(510 563 565 514)
4(563 612 614 565)
4(612 661 663 614)
4(661 710 712 663)
4(710 759 761 712)
4(759 808 810 761)
4(808 857 859 810)
4(857 906 908 859)
4(906 955 957 908)
4(955 1004 1006 957)
4(1004 1053 1055 1006)
4(1053 1102 1104 1055)
4(1153 1104 1102 1151)
4(517 515 514 516)
4(516 514 565 566)
4(566 565 614 615)
4(615 614 663 664)
4(664 663 712 713)
4(713 712 761 762)
4(762 761 810 811)
4(811 810 859 860)
4(860 859 908 909)
4(909 908 957 958)
4(958 957 1006 1007)
4(1007 1006 1055 1056)
4(1056 1055 1104 1105)
4(1154 1105 1104 1153)
4(27 1 517 513)
4(1 0 515 517)
4(0 2 511 515)
4(26 27 513 509)
4(2 3 465 511)
4(25 26 509 481)
4(5 6 505 469)
4(507 471 469 505)
4(457 507 505 454)
4(6 7 454 505)
4(8 9 503 455)
4(502 456 455 503)
4(9 10 431 503)
4(435 502 503 431)
4(485 499 498 483)
4(22 23 483 498)
4(21 22 498 448)
4(499 449 448 498)
4(444 427 426 445)
4(18 19 445 426)
4(16 17 423 495)
4(15 16 495 493)
4(14 15 493 491)
4(14 491 489 13)
4(12 13 489 487)
4(11 12 487 437)
4(479 485 483 475)
4(23 24 475 483)
4(25 481 478 474)
4(478 479 475 474)
4(24 25 474 475)
4(471 467 461 469)
4(4 5 469 461)
4(467 464 460 461)
4(3 460 464 465)
4(3 4 461 460)
4(7 8 455 454)
4(456 457 454 455)
4(20 21 448 442)
4(449 443 442 448)
4(19 20 442 445)
4(443 444 445 442)
4(11 437 434 430)
4(434 435 431 430)
4(10 11 430 431)
4(18 426 427 422)
4(17 18 422 423)
4(410 409 1107 1106)
4(410 1106 1109 1108)
4(403 402 1111 1110)
4(1113 1112 1110 1111)
4(403 1110 1112 1114)
4(1117 1116 1115 1118)
4(412 411 1118 1115)
4(1116 1120 1119 1115)
4(413 412 1115 1119)
4(1124 1123 1122 1121)
4(400 399 1121 1122)
4(396 395 1125 1126)
4(395 1128 1127 1125)
4(1127 1129 1126 1125)
4(397 396 1126 1130)
4(1129 1131 1130 1126)
4(417 416 1133 1132)
4(1135 1134 1132 1133)
4(417 1132 1134 1136)
4(416 415 1137 1133)
4(1138 1135 1133 1137)
4(404 403 1114 1139)
4(405 404 1139 1140)
4(406 405 1140 1141)
4(406 1141 1142 407)
4(408 407 1142 1143)
4(409 408 1143 1107)
4(411 410 1108 1118)
4(1109 1117 1118 1108)
4(1120 1145 1144 1119)
4(414 413 1119 1144)
4(415 414 1144 1137)
4(1145 1138 1137 1144)
4(1146 1113 1111 1147)
4(402 401 1147 1111)
4(1123 1146 1147 1122)
4(401 400 1122 1147)
4(399 398 1148 1121)
4(1149 1124 1121 1148)
4(1131 1149 1148 1130)
4(398 397 1130 1148)
4(418 417 1136 1150)
4(395 394 1151 1128)
4(419 418 1150 1152)
4(394 392 1153 1151)
4(392 393 1154 1153)
4(393 419 1152 1154)
4(1 29 28 0)
4(0 28 30 2)
4(2 30 31 3)
4(3 31 32 4)
4(4 32 33 5)
4(5 33 34 6)
4(6 34 35 7)
4(7 35 36 8)
4(8 36 37 9)
4(9 37 38 10)
4(10 38 39 11)
4(11 39 40 12)
4(12 40 41 13)
4(14 13 41 42)
4(14 42 43 15)
4(15 43 44 16)
4(16 44 45 17)
4(17 45 46 18)
4(18 46 47 19)
4(19 47 48 20)
4(20 48 49 21)
4(21 49 50 22)
4(22 50 51 23)
4(23 51 52 24)
4(24 52 53 25)
4(25 53 54 26)
4(26 54 55 27)
4(27 55 29 1)
4(56 28 29 57)
4(58 30 28 56)
4(59 31 30 58)
4(60 32 31 59)
4(61 33 32 60)
4(62 34 33 61)
4(63 35 34 62)
4(64 36 35 63)
4(65 37 36 64)
4(66 38 37 65)
4(67 39 38 66)
4(68 40 39 67)
4(69 41 40 68)
4(70 42 41 69)
4(70 71 43 42)
4(72 44 43 71)
4(73 45 44 72)
4(74 46 45 73)
4(75 47 46 74)
4(76 48 47 75)
4(77 49 48 76)
4(78 50 49 77)
4(79 51 50 78)
4(80 52 51 79)
4(81 53 52 80)
4(82 54 53 81)
4(83 55 54 82)
4(57 29 55 83)
4(84 56 57 85)
4(86 58 56 84)
4(87 59 58 86)
4(88 60 59 87)
4(89 61 60 88)
4(90 62 61 89)
4(91 63 62 90)
4(92 64 63 91)
4(93 65 64 92)
4(94 66 65 93)
4(95 67 66 94)
4(96 68 67 95)
4(97 69 68 96)
4(98 70 69 97)
4(98 99 71 70)
4(100 72 71 99)
4(101 73 72 100)
4(102 74 73 101)
4(103 75 74 102)
4(104 76 75 103)
4(105 77 76 104)
4(106 78 77 105)
4(107 79 78 106)
4(108 80 79 107)
4(109 81 80 108)
4(110 82 81 109)
4(111 83 82 110)
4(85 57 83 111)
4(112 84 85 113)
4(114 86 84 112)
4(115 87 86 114)
4(116 88 87 115)
4(117 89 88 116)
4(118 90 89 117)
4(119 91 90 118)
4(120 92 91 119)
4(121 93 92 120)
4(122 94 93 121)
4(123 95 94 122)
4(124 96 95 123)
4(125 97 96 124)
4(126 98 97 125)
4(126 127 99 98)
4(128 100 99 127)
4(129 101 100 128)
4(130 102 101 129)
4(131 103 102 130)
4(132 104 103 131)
4(133 105 104 132)
4(134 106 105 133)
4(135 107 106 134)
4(136 108 107 135)
4(137 109 108 136)
4(138 110 109 137)
4(139 111 110 138)
4(113 85 111 139)
4(140 112 113 141)
4(142 114 112 140)
4(143 115 114 142)
4(144 116 115 143)
4(145 117 116 144)
4(146 118 117 145)
4(147 119 118 146)
4(148 120 119 147)
4(149 121 120 148)
4(150 122 121 149)
4(151 123 122 150)
4(152 124 123 151)
4(153 125 124 152)
4(154 126 125 153)
4(154 155 127 126)
4(156 128 127 155)
4(157 129 128 156)
4(158 130 129 157)
4(159 131 130 158)
4(160 132 131 159)
4(161 133 132 160)
4(162 134 133 161)
4(163 135 134 162)
4(164 136 135 163)
4(165 137 136 164)
4(166 138 137 165)
4(167 139 138 166)
4(141 113 139 167)
4(168 140 141 169)
4(170 142 140 168)
4(171 143 142 170)
4(172 144 143 171)
4(173 145 144 172)
4(174 146 145 173)
4(175 147 146 174)
4(176 148 147 175)
4(177 149 148 176)
4(178 150 149 177)
4(179 151 150 178)
4(180 152 151 179)
4(181 153 152 180)
4(182 154 153 181)
4(182 183 155 154)
4(184 156 155 183)
4(185 157 156 184)
4(186 158 157 185)
4(187 159 158 186)
4(188 160 159 187)
4(189 161 160 188)
4(190 162 161 189)
4(191 163 162 190)
4(192 164 163 191)
4(193 165 164 192)
4(194 166 165 193)
4(195 167 166 194)
4(169 141 167 195)
4(196 168 169 197)
4(198 170 168 196)
4(199 171 170 198)
4(200 172 171 199)
4(201 173 172 200)
4(202 174 173 201)
4(203 175 174 202)
4(204 176 175 203)
4(205 177 176 204)
4(206 178 177 205)
4(207 179 178 206)
4(208 180 179 207)
4(209 181 180 208)
4(210 182 181 209)
4(210 211 183 182)
4(212 184 183 211)
4(213 185 184 212)
4(214 186 185 213)
4(215 187 186 214)
4(216 188 187 215)
4(217 189 188 216)
4(218 190 189 217)
4(219 191 190 218)
4(220 192 191 219)
4(221 193 192 220)
4(222 194 193 221)
4(223 195 194 222)
4(197 169 195 223)
4(224 196 197 225)
4(226 198 196 224)
4(227 199 198 226)
4(228 200 199 227)
4(229 201 200 228)
4(230 202 201 229)
4(231 203 202 230)
4(232 204 203 231)
4(233 205 204 232)
4(234 206 205 233)
4(235 207 206 234)
4(236 208 207 235)
4(237 209 208 236)
4(238 210 209 237)
4(238 239 211 210)
4(240 212 211 239)
4(241 213 212 240)
4(242 214 213 241)
4(243 215 214 242)
4(244 216 215 243)
4(245 217 216 244)
4(246 218 217 245)
4(247 219 218 246)
4(248 220 219 247)
4(249 221 220 248)
4(250 222 221 249)
4(251 223 222 250)
4(225 197 223 251)
4(252 224 225 253)
4(254 226 224 252)
4(255 227 226 254)
4(256 228 227 255)
4(257 229 228 256)
4(258 230 229 257)
4(259 231 230 258)
4(260 232 231 259)
4(261 233 232 260)
4(262 234 233 261)
4(263 235 234 262)
4(264 236 235 263)
4(265 237 236 264)
4(266 238 237 265)
4(266 267 239 238)
4(268 240 239 267)
4(269 241 240 268)
4(270 242 241 269)
4(271 243 242 270)
4(272 244 243 271)
4(273 245 244 272)
4(274 246 245 273)
4(275 247 246 274)
4(276 248 247 275)
4(277 249 248 276)
4(278 250 249 277)
4(279 251 250 278)
4(253 225 251 279)
4(280 252 253 281)
4(282 254 252 280)
4(283 255 254 282)
4(284 256 255 283)
4(285 257 256 284)
4(286 258 257 285)
4(287 259 258 286)
4(288 260 259 287)
4(289 261 260 288)
4(290 262 261 289)
4(291 263 262 290)
4(292 264 263 291)
4(293 265 264 292)
4(294 266 265 293)
4(294 295 267 266)
4(296 268 267 295)
4(297 269 268 296)
4(298 270 269 297)
4(299 271 270 298)
4(300 272 271 299)
4(301 273 272 300)
4(302 274 273 301)
4(303 275 274 302)
4(304 276 275 303)
4(305 277 276 304)
4(306 278 277 305)
4(307 279 278 306)
4(281 253 279 307)
4(308 280 281 309)
4(310 282 280 308)
4(311 283 282 310)
4(312 284 283 311)
4(313 285 284 312)
4(314 286 285 313)
4(315 287 286 314)
4(316 288 287 315)
4(317 289 288 316)
4(318 290 289 317)
4(319 291 290 318)
4(320 292 291 319)
4(321 293 292 320)
4(322 294 293 321)
4(322 323 295 294)
4(324 296 295 323)
4(325 297 296 324)
4(326 298 297 325)
4(327 299 298 326)
4(328 300 299 327)
4(329 301 300 328)
4(330 302 301 329)
4(331 303 302 330)
4(332 304 303 331)
4(333 305 304 332)
4(334 306 305 333)
4(335 307 306 334)
4(309 281 307 335)
4(336 308 309 337)
4(338 310 308 336)
4(339 311 310 338)
4(340 312 311 339)
4(341 313 312 340)
4(342 314 313 341)
4(343 315 314 342)
4(344 316 315 343)
4(345 317 316 344)
4(346 318 317 345)
4(347 319 318 346)
4(348 320 319 347)
4(349 321 320 348)
4(350 322 321 349)
4(350 351 323 322)
4(352 324 323 351)
4(353 325 324 352)
4(354 326 325 353)
4(355 327 326 354)
4(356 328 327 355)
4(357 329 328 356)
4(358 330 329 357)
4(359 331 330 358)
4(360 332 331 359)
4(361 333 332 360)
4(362 334 333 361)
4(363 335 334 362)
4(337 309 335 363)
4(364 336 337 365)
4(366 338 336 364)
4(367 339 338 366)
4(368 340 339 367)
4(369 341 340 368)
4(370 342 341 369)
4(371 343 342 370)
4(372 344 343 371)
4(373 345 344 372)
4(374 346 345 373)
4(375 347 346 374)
4(376 348 347 375)
4(377 349 348 376)
4(378 350 349 377)
4(378 379 351 350)
4(380 352 351 379)
4(381 353 352 380)
4(382 354 353 381)
4(383 355 354 382)
4(384 356 355 383)
4(385 357 356 384)
4(386 358 357 385)
4(387 359 358 386)
4(388 360 359 387)
4(389 361 360 388)
4(390 362 361 389)
4(391 363 362 390)
4(365 337 363 391)
4(392 364 365 393)
4(394 366 364 392)
4(395 367 366 394)
4(396 368 367 395)
4(397 369 368 396)
4(398 370 369 397)
4(399 371 370 398)
4(400 372 371 399)
4(401 373 372 400)
4(402 374 373 401)
4(403 375 374 402)
4(404 376 375 403)
4(405 377 376 404)
4(406 378 377 405)
4(406 407 379 378)
4(408 380 379 407)
4(409 381 380 408)
4(410 382 381 409)
4(411 383 382 410)
4(412 384 383 411)
4(413 385 384 412)
4(414 386 385 413)
4(415 387 386 414)
4(416 388 387 415)
4(417 389 388 416)
4(418 390 389 417)
4(419 391 390 418)
4(393 365 391 419)
)


// ************************************************************************* //
